MSALib/mx30+GLOBEat0_5Deg-exportAscii.txt
north: 90N
south: 90S
east: 180E
west: 180W
rows: 360
cols: 720
[rows 76 to 113 of 360, columns 348 to 434 of 720]
-500 157 519 331 785 793 301 311 284 170 222 159 143 109 32 -500 -500 -500 35 29 26 21 42 86 84 99 177 240 395 443 443 516 904 1056 562 258 150 176 153 170 150 172 207 216 213 181 190 219 204 195 258 268 220 215 170 204 200 187 222 197 191 192 183 201 199 195 159 175 167 164 200 176 163 168 158 174 171 205 212 223 235 244 267 279 282 275 275
-500 -500 137 222 473 350 308 283 260 278 256 260 191 167 183 19 22 39 47 37 28 33 85 93 117 231 424 635 817 811 618 740 530 504 461 331 286 316 410 410 519 519 480 476 432 234 248 272 255 257 269 309 360 413 295 231 263 297 274 262 219 214 212 219 201 205 218 224 288 244 193 185 158 159 157 144 159 166 218 219 236 258 267 279 285 279 277
-500 80 403 604 554 294 261 268 157 256 256 173 183 121 -500 208 197 118 110 130 162 213 269 586 687 535 472 590 660 650 742 900 872 941 844 638 742 824 902 901 687 909 1294 1511 985 914 356 227 277 354 448 448 402 564 546 267 312 333 345 291 268 270 252 294 277 238 222 240 239 232 212 188 178 155 148 149 176 196 212 203 224 234 250 250 271 267 270
219 252 208 380 476 104 -500 -500 -500 -500 -500 -500 -500 -500 124 158 183 182 167 229 354 427 580 640 690 653 653 594 795 602 708 900 890 828 846 1009 926 1193 1007 614 452 433 551 638 1069 1308 1473 712 373 351 440 496 407 319 386 372 379 282 361 385 279 277 393 414 356 307 291 270 265 263 269 230 210 197 134 148 151 188 191 190 210 222 213 240 235 238 264
-500 88 -500 -500 -500 -500 26 88 176 147 -500 -500 140 173 233 245 191 182 201 233 382 500 551 548 524 703 793 679 416 583 573 540 480 480 599 849 910 893 750 863 697 705 695 797 810 857 1182 755 1225 1178 1532 1648 1275 853 841 693 659 643 361 387 451 434 456 422 379 357 378 352 332 310 304 245 251 250 254 232 140 172 168 174 205 209 221 235 227 227 211
-500 -500 -500 -500 -500 -500 102 127 150 184 337 188 211 192 187 232 230 201 230 273 284 309 387 435 440 440 496 579 598 545 570 552 570 667 615 630 660 1089 1319 1219 801 706 799 697 694 736 557 813 1194 1524 1581 2183 2525 1262 1056 825 1146 1295 1182 1069 489 435 447 391 399 386 392 384 359 324 319 271 268 274 246 226 235 226 180 152 160 151 181 228 225 209 242
-500 -500 82 126 255 291 227 125 111 339 350 397 399 308 273 185 177 170 225 245 225 229 400 429 432 615 930 525 1113 838 808 857 715 637 584 554 510 1050 1365 1375 1181 1091 817 621 439 466 660 942 1062 1364 1889 1908 1872 1291 1062 880 1053 1476 1552 1703 1710 1001 414 382 386 357 342 357 341 332 299 260 260 229 229 232 240 230 212 212 192 178 178 186 204 212 236
-500 84 134 306 355 300 312 271 170 238 291 397 326 277 280 163 156 175 257 294 319 389 472 491 594 1307 1289 948 1202 998 948 859 690 682 700 639 648 574 785 791 927 986 998 1032 828 421 676 396 775 906 1019 740 968 861 747 489 202 937 1246 1644 1858 1922 1320 825 463 315 333 297 340 324 284 244 210 202 228 255 217 229 218 208 195 186 187 194 206 196 232
-500 -500 42 150 186 164 175 199 128 118 116 124 173 212 250 140 240 282 369 347 441 520 503 437 637 1253 1309 1439 1439 936 836 1292 1766 2094 2015 1896 2176 2450 2394 2398 2366 2086 2175 2055 1288 505 162 306 616 894 581 896 949 663 136 180 215 327 898 1388 1861 2172 1857 1273 659 532 296 278 352 350 285 285 246 256 271 300 300 216 173 169 220 205 171 165 186 212 291
-500 -500 -500 -500 -500 59 36 68 86 135 210 151 125 146 197 213 308 425 435 772 882 625 499 599 1094 1396 1583 1329 1610 2793 2793 2731 2975 3260 3271 3258 3470 3506 3132 2827 2497 2293 1941 1476 1160 538 295 655 574 473 295 240 127 133 127 263 707 868 824 852 1490 1807 2085 1837 1143 537 413 391 432 370 295 213 223 236 213 197 271 188 104 104 158 157 148 187 298 320 258
-500 -500 -500 -500 -500 -500 -500 28 76 221 255 256 165 155 248 371 409 399 400 805 882 555 610 1120 1646 1780 2448 3959 3959 3390 3166 3208 3312 3635 3330 3273 3158 3133 2838 2448 2033 2055 1939 1223 414 307 452 452 293 252 134 130 101 119 119 293 1037 1757 1735 916 540 1234 1728 1767 1676 744 525 461 428 401 258 252 166 139 136 84 76 82 111 105 147 137 101 139 132 99 99
-500 -500 -500 -500 -500 -500 -500 -500 56 58 104 192 203 455 679 662 665 760 639 1118 957 814 948 1640 2187 3305 3514 4469 3708 2801 3217 3798 3312 3595 2382 3021 2926 2280 2445 2534 2191 2264 1542 1223 990 426 241 360 604 303 158 142 108 137 208 733 1067 1735 1815 1202 594 705 1005 1743 1601 1345 500 390 333 277 277 188 98 63 -500 19 32 45 42 53 53 35 38 28 13 -500 -500
-500 -500 -500 -500 -500 -500 -500 -500 -500 44 94 171 311 450 581 914 944 1731 1052 1579 1036 873 986 1485 2379 4570 4189 4436 2568 1258 2225 2373 2607 2327 2191 1960 1480 80 153 1385 1729 1371 1122 936 809 418 835 871 370 242 178 142 113 112 250 325 1326 1199 1985 2167 2308 2436 2363 1871 1767 1626 623 281 273 253 147 99 46 -500 -500 -500 -500 123 105 142 60 35 29 -500 -500 -500 -500
-500 -500 -500 -500 -500 -500 -500 -500 -500 44 104 169 214 319 480 872 1044 1756 1407 1244 1347 1379 1501 2713 3639 3639 3533 2314 516 226 346 122 240 323 472 491 25 10 42 883 1368 1457 1274 816 592 792 985 823 437 123 290 534 253 181 507 1140 1785 2460 1973 2429 2038 2394 2450 2069 1543 977 412 160 417 339 171 36 41 -500 -500 -500 79 185 123 201 434 739 711 159 185 146 180
-500 -500 -500 -500 -500 -500 -500 -500 -500 67 80 113 177 269 413 598 950 1399 1444 1507 1631 975 1972 2663 3676 3194 3443 644 808 1063 1685 1627 1374 690 124 33 9 4 -500 238 519 1623 1623 1605 1625 1545 1369 1341 832 845 645 619 376 433 443 1106 1242 1272 397 501 530 556 542 441 348 117 138 170 391 332 54 9 -500 -500 -500 -500 -500 -500 184 1067 1504 1199 718 50 -500 -500 450
-500 -500 -500 -500 -500 -500 -500 -500 -500 91 121 158 195 255 319 488 782 1108 1386 1672 981 670 1764 1731 2757 2915 3075 2502 1530 1212 1646 1699 1963 1965 1187 1149 545 112 -500 -500 56 285 1685 1690 1807 1814 1763 1886 1450 1338 1486 1259 1100 1084 636 1311 1100 306 313 299 262 254 206 236 119 191 191 189 166 144 -500 -500 -500 -500 -500 -500 -500 -500 136 1141 1279 -500 -500 -500 -500 -500 -500
354 337 -500 -500 95 -500 -500 -500 40 114 183 284 267 280 310 355 781 1215 990 844 261 354 1210 1082 1806 1846 2000 1861 862 -500 -500 154 1120 1008 963 1529 1383 1370 384 434 -500 -500 303 455 1489 1837 1951 2127 2030 1876 1645 1434 1528 1505 744 1483 1296 1303 341 236 253 327 244 334 414 461 446 315 283 88 -500 -500 -500 -500 -500 -500 -500 -500 -500 -500 -500 -500 -500 -500 -500 -500 -500
2379 2109 2518 2075 1656 1322 1453 1395 1313 1592 1817 1765 1740 1123 822 769 1163 981 315 215 12 80 671 1046 680 459 -500 -500 -500 -500 291 334 297 960 906 967 1006 1574 1535 513 -500 -500 37 281 525 1500 1660 1781 1912 2282 2349 1700 1765 1952 1727 1252 1723 2121 1965 1527 862 828 586 498 999 679 502 385 299 111 -500 -500 -500 -500 -500 -500 -500 -500 -500 -500 -500 -500 -500 -500 -500 -500 -500
2041 2099 2483 2128 1254 1402 1375 1472 1322 1856 2425 3034 3276 3200 2964 2899 2576 2213 657 -500 -500 -500 -500 -500 198 -500 -500 -500 -500 1723 1402 6 809 548 1066 1636 895 1756 2288 1752 312 -500 -500 91 186 500 785 899 1642 1886 2141 2273 2440 1788 1633 1401 1807 1549 2200 1669 2101 2330 2203 1503 1429 988 712 484 -500 -500 -500 -500 -500 -500 -500 -500 -500 -500 -500 -500 -500 -500 -500 -500 -500 -500 -500
961 937 974 951 1294 2053 2204 1754 1068 1106 1549 1964 2385 2730 2880 2860 2743 2016 920 -500 -500 -500 -500 -500 -500 -500 -500 -500 -500 2463 2389 118 430 393 507 568 965 1996 2414 2695 2625 628 105 72 50 -500 -500 -500 735 1687 1666 2503 2332 2542 2541 1571 2001 2208 2694 2812 1586 1330 1101 698 714 503 687 492 63 -500 -500 -500 -500 -500 -500 -500 -500 -500 390 208 -500 124 195 -500 -500 -500 -500
911 843 866 932 1332 1472 2092 1682 2145 899 755 737 986 1280 982 1051 1672 1135 464 -500 -500 -500 -500 -500 -500 -500 -500 -500 -500 1329 1956 -500 -500 -500 -500 6 150 1261 1958 2145 2071 1074 883 986 805 -500 -500 -500 -500 -500 582 1646 2155 2678 2398 1987 1645 1794 2882 2663 2178 2126 1435 821 829 513 704 879 463 -500 -500 -500 -500 -500 -500 490 681 1320 1682 1683 1935 1580 1421 1023 132 -500 -500
975 919 923 1180 2091 2259 1403 1349 1387 1445 1210 799 625 1121 1154 921 464 -500 -500 -500 -500 -500 -500 -500 -500 -500 -500 -500 342 410 681 308 -500 -500 -500 -500 -500 65 978 1424 1911 1615 1095 693 661 353 154 -500 -500 -500 171 1536 2075 2189 2521 1791 2060 1880 1881 2119 2078 1730 1330 1188 764 303 301 272 463 219 337 453 257 458 1143 1533 1953 1659 1986 2497 2036 1878 1764 1266 1198 991 701
1463 2246 1829 2099 2381 1768 1215 1514 1878 1589 1755 1770 1367 867 -500 -500 -500 -500 -500 -500 -500 -500 -500 -500 -500 -500 -500 -500 670 828 1252 958 -500 -500 -500 -500 -500 143 100 627 1209 1693 1731 1655 1173 504 513 297 38 -500 310 1145 2290 2240 2521 2395 1757 506 1041 1214 1821 1073 443 602 388 604 874 611 1 874 891 1300 1493 1772 1825 2295 1882 2044 1964 1884 2006 1744 1836 2005 1893 1705 1759
2376 2509 2087 1299 737 925 1173 1516 1835 1979 1988 1834 1045 8 -500 -500 -500 -500 -500 202 266 -500 -500 -500 -500 -500 -500 -500 760 1158 1718 1072 -500 -500 -500 -500 -500 -500 -500 -500 -500 449 1820 1883 1513 613 156 158 187 85 1313 1995 2355 2402 2142 1967 2710 789 1009 1013 1606 -500 187 1556 406 781 868 774 771 1233 2458 1218 1425 1572 1731 2149 1935 1873 1971 1405 1603 1479 1701 1809 1804 2448 2521
900 1393 1368 1408 1127 812 1065 1202 1376 1514 1640 1000 9 57 -500 -500 850 1320 500 147 204 -500 -500 -500 -500 -500 -500 -500 481 761 1720 1132 -500 -500 -500 -500 -500 -500 -500 -500 -500 -500 101 1868 2132 1207 -500 9 178 -500 295 823 1721 2358 2238 1782 1442 1845 968 273 49 221 341 61 564 1738 1217 743 1233 1330 1996 1873 1546 1629 1725 1527 1500 1831 1747 1684 1638 1621 1535 2070 2271 1940 2318
1103 1494 1039 1266 1176 879 1025 1053 1003 1228 1100 774 -500 -500 357 330 139 230 325 -500 -500 -500 -500 -500 -500 -500 -500 -500 616 1098 947 431 -500 -500 -500 -500 -500 -500 -500 -500 -500 -500 -500 673 1837 1809 339 -500 -500 -500 -500 356 815 1804 2260 2018 1099 1657 1570 634 472 220 148 547 868 874 1295 1193 1693 2015 2040 1835 1736 1740 1432 1709 1373 1590 1415 1720 1622 1407 1687 2200 2396 1986 2500
867 920 1092 1144 1099 1057 1722 1717 1072 1217 1300 1515 592 -500 387 196 -500 -500 -500 -500 -500 -500 -500 -500 -500 -500 -500 -500 125 574 20 -500 -500 -500 -500 -500 -500 -500 159 -500 507 858 832 688 1390 833 178 -500 -500 -500 -500 -500 -500 1421 1458 2198 2344 2337 1116 1529 1053 718 91 1064 1173 1119 1425 1120 1163 1434 1632 2235 2081 2210 2461 1677 1476 1354 1127 1562 1976 1706 3661 2594 2529 2621 2245
936 926 920 1258 1291 1144 2011 2056 1401 1283 1140 477 -500 -500 -500 -500 -500 -500 -500 -500 -500 -500 -500 -500 -500 -500 -500 -500 -500 -500 -500 -500 -500 -500 -500 -500 193 976 1115 717 767 1290 1137 1827 1311 307 -500 -500 -500 -500 -500 -500 896 1543 889 1936 2188 1637 1386 1285 1288 1089 -500 916 934 995 1399 1650 2032 1636 1723 2327 2283 2630 2394 2030 2041 1549 1427 1178 3112 2895 2987 2782 2900 3035 3042
862 691 718 1337 1906 2079 2393 1996 1506 1030 477 -500 -500 -500 -500 -500 -500 -500 -500 -500 -500 -500 -500 -500 -500 -500 -500 -500 -500 314 -500 -500 -500 -500 -500 -500 498 835 1400 1663 1913 3157 2949 791 718 -500 -500 -500 -500 -500 -500 -500 -500 760 446 2193 2360 1721 1153 1027 620 996 686 733 1016 1414 1239 1650 1784 2286 2526 2006 1990 2517 2935 2303 2298 1518 1741 2002 2377 2709 3627 2455 2304 3035 2778
497 1082 834 1658 1888 3321 2474 1913 927 193 -500 -500 -500 -500 -500 -500 -500 -500 -500 -500 -500 -500 -500 -500 905 440 493 496 -500 373 579 485 253 407 285 -500 -500 -500 541 665 858 944 615 -500 -500 -500 -500 -500 -500 -500 -500 -500 -500 25 25 1408 2006 1908 1138 505 583 501 986 993 172 563 873 1432 1865 2253 2371 2284 2309 2002 2541 2622 2622 2419 2237 2452 3189 3434 2100 883 2069 2206 1471
1071 1763 1803 1970 1798 2866 2177 1280 268 -500 -500 -500 -500 -500 690 953 831 555 1053 946 1624 1585 1967 1597 1289 1260 1176 948 1122 971 654 609 601 548 109 697 697 -500 -500 -500 207 792 510 -500 -500 -500 -500 -500 -500 -500 -500 -500 -500 -500 -500 950 2352 1281 1099 198 711 668 715 690 804 650 831 1135 1009 1434 2429 2977 3054 1673 1596 2622 2818 2396 2192 2385 2219 1379 131 747 2182 1827 1128
865 1398 104 -500 -500 -500 -500 -500 -500 -500 -500 -500 508 776 1096 1120 1494 1523 1343 1793 2117 1636 1967 1404 1255 1648 1387 1336 1368 1066 866 1224 996 300 -500 -500 -500 -500 -500 -500 180 -500 -500 -500 -500 -500 -500 -500 -500 -500 -500 -500 -500 -500 -500 -500 743 491 784 -500 -500 -500 545 550 221 298 618 1199 642 -500 2138 2336 2323 372 -500 -500 2149 2302 1664 1382 740 -500 -500 1799 1799 831 564
680 988 -500 -500 -500 16 -500 -500 -500 374 583 664 891 920 1191 1928 1731 1668 1441 1313 1429 1809 1749 2087 1971 1450 1605 1397 1465 1198 1245 1289 176 164 29 -500 30 185 -500 -500 242 90 -500 -500 -500 -500 -500 -500 -500 -500 -500 -500 -500 -500 -500 -500 -500 -500 369 729 445 -500 -500 21 85 139 1207 359 -500 -500 -500 -500 -500 -500 -500 -500 -500 -500 -500 -500 374 161 -500 1710 1511 865 619
1637 2054 1964 1534 1462 883 808 553 1116 870 1059 870 1190 1212 1437 1485 1254 1122 1381 1476 1579 1185 1102 1699 2229 2216 1913 1660 1642 1490 1343 685 219 175 45 -500 -500 19 -500 -500 -500 -500 -500 -500 -500 -500 -500 -500 -500 -500 -500 -500 -500 -500 -500 -500 -500 -500 -500 2082 2355 2429 2104 2066 897 583 677 -500 -500 -500 -500 -500 -500 -500 -500 -500 500 1403 1031 904 328 -500 -500 519 1405 676 751
578 1632 2356 2269 1830 1808 1073 1486 1680 1640 1450 1356 1306 1313 1297 1378 1259 1545 1492 1468 1541 1202 1054 503 1770 1830 1443 1342 1451 1106 791 705 252 171 19 -500 -500 -500 -500 -500 -500 -500 -500 -500 -500 -500 -500 -500 -500 -500 -500 -500 -500 -500 -500 -500 -500 -500 -500 110 369 656 1070 173 224 -500 -500 -500 -500 -500 -500 -500 -500 -500 -500 -500 675 1971 1514 319 182 -500 -500 417 1655 849 1062
946 1070 796 1838 1620 1665 1675 1601 1822 1543 1360 1275 1167 1114 1286 1660 1621 1557 1417 1389 1124 547 315 147 1 231 309 842 875 1057 1069 726 111 -500 -500 -500 -500 -500 -500 -500 -500 -500 -500 -500 -500 -500 -500 -500 -500 -500 -500 -500 -500 -500 -500 -500 -500 -500 -500 -500 -500 -500 -500 -500 -500 -500 -500 -500 -500 -500 -500 -500 -500 -500 -500 -500 -500 -500 -500 -500 -500 -500 -500 2380 3053 2545 1474
1352 1970 1992 3088 3360 1684 1684 1190 1173 1204 1178 1646 1335 1522 1951 1961 1604 1419 1023 802 754 496 316 234 141 332 64 164 169 104 395 495 488 47 74 -500 -500 -500 -500 -500 -500 -500 -500 -500 -500 -500 -500 -500 -500 -500 -500 -500 -500 -500 -500 -500 -500 -500 -500 -500 -500 -500 -500 -500 -500 -500 -500 -500 -500 -500 -500 -500 -500 -500 -500 -500 -500 -500 -500 -500 -500 -500 724 2585 2504 2122 1334
1613 2379 2691 2763 2932 1674 1764 1628 1537 1720 1686 1721 1719 1630 1662 1653 1049 909 867 797 691 504 348 234 200 155 115 92 108 166 200 541 635 208 59 32 3 -500 -500 -500 -500 -500 -500 -500 -500 -500 -500 -500 -500 -500 -500 -500 -500 -500 -500 -500 -500 -500 -500 -500 -500 -500 -500 -500 -500 -500 -500 -500 -500 -500 -500 -500 -500 -500 -500 -500 -500 -500 -500 -500 -500 -500 1201 2767 1560 942 869
