MSALib/mx30+GLOBEat1Deg-exportAscii.txt
north: 90N
south: 90S
east: 180E
west: 180W
rows: 180
cols: 360
[rows 0 to 38 of 180, columns 261 to 347 of 360]
-500 -500 -500 -500 -500 -500 -500 -500 -500 -500 -500 -500 -500 -500 -500 -500 -500 -500 -500 -500 -500 -500 -500 -500 -500 -500 -500 -500 -500 -500 -500 -500 -500 -500 -500 -500 -500 -500 -500 -500 -500 -500 -500 -500 -500 -500 -500 -500 -500 -500 -500 -500 -500 -500 -500 -500 -500 -500 -500 -500 -500 -500 -500 -500 -500 -500 -500 -500 -500 -500 -500 -500 -500 -500 -500 -500 -500 -500 -500 -500 -500 -500 -500 -500 -500 -500 -500
-500 -500 -500 -500 -500 -500 -500 -500 -500 -500 -500 -500 -500 -500 -500 -500 -500 -500 -500 -500 -500 -500 -500 -500 -500 -500 -500 -500 -500 -500 -500 -500 -500 -500 -500 -500 -500 -500 -500 -500 -500 -500 -500 -500 -500 -500 -500 -500 -500 -500 -500 -500 -500 -500 -500 -500 -500 -500 -500 -500 -500 -500 -500 -500 -500 -500 -500 -500 -500 -500 -500 -500 -500 -500 -500 -500 -500 -500 -500 -500 -500 -500 -500 -500 -500 -500 -500
-500 -500 -500 -500 -500 -500 -500 -500 -500 -500 -500 -500 -500 -500 -500 -500 -500 -500 -500 -500 -500 -500 -500 -500 -500 -500 -500 -500 -500 -500 -500 -500 -500 -500 -500 -500 -500 -500 -500 -500 -500 -500 -500 -500 -500 -500 -500 -500 -500 -500 -500 -500 -500 -500 -500 -500 -500 -500 -500 -500 -500 -500 -500 -500 -500 -500 -500 -500 -500 -500 -500 -500 -500 -500 -500 -500 -500 -500 -500 -500 -500 -500 -500 -500 -500 -500 -500
-500 -500 -500 -500 -500 -500 -500 -500 -500 -500 -500 -500 -500 -500 -500 -500 -500 -500 -500 -500 -500 -500 -500 -500 -500 -500 -500 -500 -500 -500 -500 -500 -500 -500 -500 -500 -500 -500 -500 -500 -500 -500 -500 -500 -500 -500 -500 -500 -500 -500 -500 -500 -500 -500 -500 -500 -500 -500 -500 -500 -500 -500 -500 -500 -500 -500 -500 -500 -500 -500 -500 -500 -500 -500 -500 -500 -500 -500 -500 -500 -500 -500 -500 -500 -500 -500 -500
-500 -500 -500 -500 -500 -500 -500 -500 -500 -500 -500 -500 -500 -500 -500 -500 -500 -500 -500 -500 -500 -500 -500 -500 -500 -500 -500 -500 -500 -500 -500 -500 -500 -500 -500 -500 -500 -500 -500 -500 -500 -500 -500 -500 -500 -500 -500 -500 -500 -500 -500 -500 -500 -500 -500 -500 -500 -500 -500 -500 -500 -500 -500 -500 -500 -500 -500 -500 -500 -500 -500 -500 -500 -500 -500 -500 -500 -500 -500 -500 -500 -500 -500 -500 -500 -500 -500
-500 -500 -500 -500 -500 -500 -500 -500 -500 -500 -500 -500 -500 -500 -500 -500 -500 -500 -500 -500 -500 -500 -500 -500 -500 -500 -500 -500 -500 -500 -500 -500 -500 -500 -500 -500 -500 -500 -500 -500 -500 -500 -500 -500 -500 -500 -500 -500 -500 -500 -500 -500 -500 -500 -500 -500 -500 -500 -500 -500 -500 -500 -500 -500 -500 -500 -500 -500 -500 -500 -500 -500 -500 -500 -500 -500 -500 -500 -500 -500 -500 -500 -500 -500 -500 -500 -500
-500 -500 -500 -500 -500 -500 -500 -500 -500 -500 -500 -500 -500 -500 -500 -500 -500 -500 -500 -500 -500 -500 -500 -500 -500 -500 -500 -500 -500 -500 -500 -500 -500 -500 -500 -500 -500 -500 -500 -500 -500 -500 -500 -500 -500 -500 -500 -500 -500 -500 -500 -500 -500 -500 -500 -500 -500 -500 -500 -500 -500 -500 -500 -500 -500 -500 -500 -500 -500 -500 -500 -500 -500 -500 -500 -500 -500 -500 -500 -500 -500 -500 -500 -500 -500 -500 -500
-500 -500 -500 -500 -500 -500 -500 -500 -500 -500 -500 -500 -500 -500 -500 -500 -500 -500 -500 -500 -500 -500 -500 -500 -500 -500 -500 -500 -500 -500 -500 -500 -500 -500 -500 -500 -500 -500 -500 -500 -500 -500 -500 -500 -500 -500 -500 -500 -500 -500 -500 -500 -500 -500 -500 -500 -500 -500 -500 -500 -500 -500 -500 -500 -500 -500 -500 -500 -500 -500 -500 -500 -500 -500 -500 -500 -500 -500 -500 -500 -500 -500 -500 -500 -500 -500 -500
-500 -500 -500 -500 -500 -500 -500 -500 -500 323 314 -500 13 45 63 35 -500 -500 -500 -500 -500 -500 -500 -500 -500 -500 -500 -500 -500 -500 -500 -500 -500 -500 -500 -500 -500 -500 -500 -500 -500 -500 -500 -500 -500 -500 -500 -500 -500 -500 -500 -500 -500 -500 -500 -500 -500 -500 -500 -500 -500 -500 -500 -500 -500 -500 -500 -500 -500 -500 -500 -500 -500 -500 -500 -500 -500 -500 -500 -500 -500 -500 -500 -500 -500 -500 -500
-500 -500 -500 -500 -500 -500 -500 -500 -500 1 130 189 636 781 741 603 704 44 55 -500 -500 -500 -500 -500 -500 -500 -500 -500 -500 -500 -500 -500 -500 -500 -500 -500 -500 -500 -500 -500 -500 -500 -500 -500 -500 -500 -500 -500 -500 -500 -500 -500 -500 -500 -500 -500 -500 -500 -500 -500 -500 -500 -500 -500 -500 -500 -500 -500 -500 -500 -500 -500 -500 -500 -500 -500 -500 -500 -500 -500 -500 -500 -500 -500 -500 -500 -500
-500 -500 -500 -500 -500 -500 -500 -500 -500 22 72 376 338 458 725 725 830 955 971 42 515 515 489 156 -500 -500 -500 -500 -500 -500 -500 -500 -500 -500 -500 -500 -500 -500 -500 -500 -500 -500 -500 -500 -500 -500 -500 -500 -500 -500 -500 -500 -500 -500 -500 -500 -500 -500 -500 -500 -500 -500 -500 -500 -500 -500 -500 -500 -500 -500 -500 -500 -500 -500 -500 -500 -500 -500 -500 -500 -500 -500 -500 -500 -500 -500 -500
-500 -500 -500 -500 -500 -500 -500 -500 -500 -500 -500 -500 25 -500 6 23 115 789 790 519 726 842 865 852 527 30 41 -500 -500 -500 -500 -500 -500 -500 -500 -500 -500 -500 -500 -500 -500 -500 -500 -500 -500 -500 -500 -500 -500 -500 -500 -500 -500 -500 -500 -500 -500 -500 -500 -500 -500 -500 -500 -500 -500 -500 -500 -500 -500 -500 -500 -500 -500 -500 -500 -500 -500 -500 -500 -500 -500 -500 -500 -500 -500 -500 -500
-500 26 -500 -500 -500 -500 -500 23 54 25 39 45 -500 -500 27 34 -500 -500 44 40 104 272 317 321 299 132 47 7 -500 -500 -500 -500 -500 -500 -500 -500 -500 -500 -500 -500 -500 -500 -500 -500 -500 -500 -500 -500 -500 -500 -500 -500 -500 -500 -500 -500 -500 -500 -500 -500 -500 -500 -500 -500 -500 -500 -500 -500 -500 -500 -500 -500 -500 -500 -500 -500 -500 -500 -500 -500 -500 -500 -500 -500 -500 -500 -500
-500 12 -500 -500 -500 -500 -500 7 8 -500 31 61 275 323 486 126 171 216 129 120 150 314 469 508 646 433 847 746 760 584 480 95 46 -500 -500 -500 -500 -500 -500 -500 -500 -500 -500 -500 -500 -500 -500 -500 -500 -500 -500 -500 -500 -500 -500 -500 31 145 137 20 31 27 -500 -500 -500 -500 -500 360 181 -500 -500 110 -500 -500 -500 -500 -500 -500 -500 -500 -500 -500 -500 -500 -500 -500 -500
23 22 18 -500 -500 76 54 194 223 321 398 452 495 422 486 347 369 296 312 351 469 473 452 559 779 839 1124 1006 986 1043 983 700 133 -500 -500 -500 -500 -500 -500 -500 -500 -500 -500 -500 -500 -500 -500 -500 -500 -500 -500 -500 -500 -500 142 63 173 195 168 113 27 76 58 56 51 62 98 58 60 47 -500 95 -500 -500 -500 -500 -500 -500 -500 -500 -500 -500 -500 -500 -500 -500 -500
-500 187 114 96 97 137 194 234 325 376 502 435 516 614 603 646 828 533 600 573 638 621 608 326 580 420 632 440 223 262 260 201 109 -500 5 -500 -500 -500 -500 2 -500 -500 6 -500 -500 -500 -500 -500 -500 -500 -500 -500 -500 -500 163 115 89 349 219 33 20 70 2 -500 -500 -500 84 69 59 49 -500 -500 -500 -500 -500 -500 -500 -500 -500 -500 -500 -500 -500 -500 -500 -500 -500
316 392 348 329 251 272 217 280 359 433 271 449 587 529 582 619 202 185 239 217 215 222 190 202 180 365 180 168 71 84 91 96 80 125 175 246 184 137 136 54 -500 44 38 28 22 20 3 3 4 -500 -500 -500 -500 -500 189 227 -500 -500 143 152 206 231 265 -500 -500 -500 -500 -500 -500 -500 -500 -500 -500 -500 -500 -500 -500 -500 -500 -500 -500 -500 -500 -500 -500 -500 -500
369 416 320 257 194 191 195 200 151 145 172 231 219 213 182 232 226 219 194 147 149 185 147 341 396 407 432 438 349 379 325 282 218 151 132 118 142 146 177 182 216 398 451 436 450 348 425 460 28 -500 -500 -500 -500 -500 -500 -500 -500 -500 70 488 350 67 55 48 48 45 58 53 17 -500 -500 -500 -500 -500 -500 -500 -500 -500 -500 -500 -500 -500 -500 -500 -500 -500 -500
133 134 189 169 151 173 201 165 173 157 237 183 200 215 240 180 158 118 149 158 426 550 535 505 592 536 568 612 610 535 440 409 352 231 239 171 212 212 216 180 271 446 489 480 486 496 944 645 400 164 40 86 68 157 67 29 44 59 52 389 228 69 36 27 54 61 51 67 52 33 7 14 -500 46 48 60 47 5 -500 -500 -500 -500 -500 -500 -500 -500 -500
95 88 152 226 239 187 211 373 738 891 978 1129 1161 965 885 888 851 902 960 772 750 708 658 574 793 735 784 845 888 728 513 219 232 214 254 292 245 301 335 374 435 417 486 479 406 429 776 1199 1239 1061 747 201 663 1012 644 500 495 601 1043 698 555 266 311 192 239 82 270 423 356 291 274 557 412 85 74 61 57 46 71 269 93 114 -500 -500 -500 -500 -500
138 149 173 144 153 197 529 826 957 1165 1531 1591 1590 1500 1646 1577 1451 1431 807 910 731 596 423 634 838 1024 812 897 903 669 538 469 506 299 261 305 304 343 348 408 395 301 201 184 370 1004 1540 1879 1613 1128 824 685 1063 1225 762 983 1031 1362 1415 1323 1108 878 697 672 628 476 507 684 689 623 492 453 410 335 220 93 93 80 62 63 527 950 892 1131 1215 685 613
144 176 189 171 193 189 623 729 880 984 1200 1325 1376 1430 1527 1490 1464 1370 1300 1183 693 487 587 408 489 525 403 408 467 517 477 427 460 399 401 343 397 428 380 388 380 310 371 299 516 1421 1742 2129 1836 1611 987 810 729 723 1232 1518 1723 1984 1861 1958 1632 599 320 196 125 369 570 499 366 221 210 229 252 143 80 115 142 444 288 67 547 848 817 1481 1521 1545 1562
118 117 129 177 179 150 397 651 815 934 923 1046 1182 1203 1133 1095 1118 1140 1088 941 948 690 665 712 714 705 658 547 492 538 515 502 522 520 456 413 364 361 382 455 350 281 204 307 673 1427 2126 2207 1533 1096 886 694 818 1527 1145 1283 1767 2058 2176 1797 1294 1267 1890 1788 688 381 922 949 479 305 185 231 268 399 464 800 704 777 898 1046 642 815 1027 1057 1522 1638 1472
41 99 146 117 183 109 325 532 735 731 882 948 935 1094 1078 1041 1006 932 996 1001 1008 915 859 879 948 855 866 927 975 888 772 657 686 543 477 398 388 367 314 312 271 281 187 289 1035 1448 1995 1841 1954 1402 936 913 1062 1311 1683 1517 1542 2015 2372 2472 2343 1908 1858 2355 2120 2112 1505 692 428 212 395 786 1056 1095 989 788 895 883 838 953 1070 1351 1693 1458 1377 1607 1576
88 89 144 146 195 103 91 528 720 821 850 892 917 886 1011 954 965 856 745 749 930 822 877 850 847 833 730 841 830 804 759 707 720 631 493 404 432 348 279 270 276 237 195 210 658 1338 1661 1891 1940 1676 1607 1237 1261 1302 1637 1403 1600 2086 2190 2428 2507 2300 2293 2263 2791 2822 2249 2141 2167 354 669 872 872 1037 1091 894 933 1199 1273 1644 1648 1478 1464 1581 1747 1417 1177
169 218 194 169 200 169 131 551 656 699 844 735 753 831 875 915 916 851 840 702 693 829 750 794 786 749 768 748 603 662 648 570 768 502 461 371 296 274 247 282 247 232 226 173 235 933 1546 1795 1854 1814 2006 1973 2071 1964 1611 1438 1751 1728 1809 2005 1955 2231 2235 2149 2354 2448 2368 2048 1683 1419 678 985 1049 834 1104 1305 1282 1394 1566 1566 1267 1526 1571 1391 1334 1299 1376
230 270 221 233 237 177 97 425 566 628 637 776 781 752 793 809 891 836 729 898 885 859 856 864 689 669 646 576 510 516 560 582 564 535 401 311 297 276 330 261 245 256 261 271 262 231 383 565 544 752 1065 1233 1714 1678 1582 1454 1799 2065 2242 2137 1687 1865 1996 2266 1882 2069 2229 2200 1829 1484 1970 1217 1263 1467 1484 1451 1663 1722 1614 1416 1354 1269 1336 1242 1317 1229 891
228 219 232 219 248 263 260 286 375 447 621 730 744 808 817 786 720 773 761 700 662 795 777 728 557 595 530 594 528 438 462 498 487 441 398 346 267 373 404 407 435 425 370 349 364 352 371 348 306 253 278 289 281 344 356 930 1625 2073 2286 2799 2812 2372 2557 1963 2262 2000 1596 1956 2190 1799 1502 1346 1531 1622 1699 1446 1753 1652 1482 1411 1137 802 941 902 907 861 879
122 170 166 176 228 212 260 283 285 529 575 704 783 751 807 834 705 576 576 503 621 511 599 570 508 522 416 410 415 495 524 518 492 458 491 470 411 408 416 461 499 505 468 480 511 453 416 395 386 400 391 427 431 408 958 1469 1791 2109 2044 2237 2459 2501 2644 2252 1809 1798 1796 1843 2049 2080 1908 1553 1502 1797 1863 1540 1335 998 680 1337 1360 1185 848 976 1222 1118 1210
145 162 187 182 192 191 179 179 259 639 913 762 811 823 798 777 729 675 535 550 573 552 467 485 576 520 485 576 508 539 587 626 589 699 848 936 469 549 595 480 587 641 610 579 671 681 642 538 464 439 450 496 472 411 822 1353 1437 2045 1952 1722 1816 1744 1579 1742 1613 1460 1698 1656 1774 1661 1667 1754 1630 1648 1268 526 -500 -500 525 911 933 933 853 816 960 1096 1172
123 156 182 170 187 187 196 196 218 402 626 1027 993 718 698 699 619 578 538 451 501 554 503 664 739 691 628 576 601 642 606 946 1424 1625 1605 1348 1076 754 601 672 649 699 1153 694 787 650 674 680 596 479 482 720 753 809 724 1405 1637 1259 1470 1139 1085 1228 1138 1460 1370 1182 984 897 967 1072 1380 1557 1115 1024 1091 -500 -500 -500 384 1107 1663 1446 718 549 386 518 -500
138 128 134 166 171 193 201 202 220 218 330 489 854 795 635 604 483 501 567 724 500 522 722 910 880 649 683 644 804 730 1169 1255 1399 1612 1585 1693 1857 1389 1362 1304 950 1191 1264 1134 1514 1400 1146 1900 1950 1766 1384 1050 852 1135 864 1369 1339 1247 1155 1374 1067 12 -500 -500 -500 -500 -500 -500 -500 178 1183 919 -500 -500 -500 -500 363 234 449 2239 1899 958 588 740 -500 -500 -500
172 140 137 189 186 213 209 212 246 260 286 349 588 512 544 512 470 452 488 622 685 877 768 685 781 761 759 1539 1614 1755 1608 1673 1808 1871 1958 2036 2728 2387 2126 2062 1538 1272 1205 1447 1585 1890 2097 2086 2163 1789 1731 1750 1384 1419 1124 1296 1883 1576 1542 1125 -500 -500 -500 -500 -500 -500 -500 -500 -500 -500 -500 -500 -500 -500 -500 428 818 1331 1398 2295 1094 1037 664 -500 -500 -500 -500
174 165 130 203 266 340 285 326 505 513 581 712 578 683 477 496 477 526 675 865 831 785 706 861 936 1033 1019 1878 2197 2385 2533 2079 2436 2500 2336 2538 2825 2378 2432 1931 1737 1555 1940 1685 1742 1821 1998 1742 2222 2275 1659 1823 1739 1701 1256 1590 1776 1626 -500 -500 -500 -500 110 -500 -500 -500 -500 -500 -500 -500 -500 -500 -500 2 79 239 1180 1839 2495 4588 3114 1288 1150 -500 1 1 -500
185 201 324 284 316 487 965 1175 937 826 801 885 1004 1303 906 951 1076 1150 669 936 724 694 810 1093 1157 1475 1087 2259 2049 2458 2367 2458 2574 2722 2237 2106 1933 2199 1869 1585 1319 1393 1469 1495 1571 1470 1566 1602 1925 2278 2110 1969 1978 2115 1593 1625 988 589 -500 -500 -500 -500 -500 -500 -500 -500 -500 -500 -500 -500 -500 -500 -500 2 137 811 3627 1949 1642 3392 2120 132 -500 -500 208 544 -500
300 310 342 495 565 535 1169 1708 1738 1193 1117 1356 1702 1898 2316 2619 2588 1864 1512 734 733 817 929 1173 1221 1145 1729 2123 2326 2549 2383 2150 1787 1629 1622 1531 1811 1699 1768 1353 1569 1575 1542 1457 1533 1379 1351 846 1256 1322 1755 1858 1811 2138 1939 1175 671 569 909 630 -500 495 -500 -500 -500 -500 -500 -500 -500 -500 -500 -500 -500 -500 109 1290 1913 1709 2235 3314 1345 893 -500 -500 -500 650 623
311 288 258 332 562 540 1501 1555 2119 1192 1128 1213 1793 2013 2433 2624 2685 2522 2578 2604 2019 714 861 1111 1224 1635 1996 1945 2358 2531 2504 1553 1432 1481 1653 1576 1824 1589 1368 1257 1071 839 830 838 586 861 1442 927 1398 1468 1406 1436 1747 2162 1963 1206 1321 1109 1039 859 519 170 112 -500 -500 -500 -500 -500 -500 -500 -500 -500 -500 -500 62 1353 1859 3266 2765 644 -500 -500 -500 -500 -500 -500 -500
337 294 327 496 849 940 1506 1892 2168 2444 2505 2475 2262 2508 2609 2151 2431 2896 3011 2827 2984 2431 1527 928 1151 1399 1681 1815 1995 1863 1535 1410 1556 1607 1260 1254 1148 1413 1244 1244 1352 1285 1366 1020 704 366 372 538 552 559 1068 1714 1790 2115 1988 838 1461 1218 925 899 534 568 100 -500 -500 -500 -500 -500 -500 -500 -500 -500 -500 -500 -500 1032 2292 2114 -500 -500 -500 -500 -500 -500 -500 -500 -500
479 1588 2213 2356 2434 2488 2601 2937 3280 3095 2625 2870 2516 2302 2564 2565 2721 3066 3185 3328 3069 2834 2278 2041 2255 1543 1426 1396 1640 1533 1541 1390 1316 1152 1088 1365 1376 1394 1266 1356 1396 1449 1464 1241 997 514 341 349 295 1306 1476 1310 1931 1986 1594 574 1263 1377 1400 924 522 769 1005 -500 -500 -500 -500 -500 -500 -500 -500 -500 -500 -500 -500 1733 1779 541 -500 -500 -500 -500 -500 -500 -500 -500 -500
