MSALib/mx30+GLOBEat1Deg-exportAscii.txt
north: 90N
south: 90S
east: 180E
west: 180W
rows: 180
cols: 360
[rows 39 to 77 of 180, columns 174 to 260 of 360]
252 604 554 268 256 256 183 208 197 229 427 640 690 653 795 900 941 1009 1193 1007 909 1511 1308 1473 373 496 564 546 379 385 279 414 356 291 265 269 210 149 196 212 234 250 271 270 250 255 235 235 230 219 270 364 134 156 130 149 101 98 196 235 276 360 425 461 501 386 398 370 324 297 268 338 412 442 471 421 477 516 716 754 949 921 931 816 587 527 459
88 -500 -500 127 184 337 211 245 230 273 500 551 703 793 598 573 667 849 1089 1319 801 799 857 1182 1524 2183 2525 1056 1295 1182 489 456 399 392 359 319 274 254 235 180 209 235 227 242 222 242 254 238 235 260 214 243 107 103 60 42 77 47 65 137 254 307 384 397 608 440 294 298 230 250 252 360 631 783 685 544 676 619 841 1094 1144 1348 1476 1266 1119 948 810
84 306 355 312 339 397 399 280 177 294 389 491 1307 1289 1202 948 715 700 1050 1375 1181 1032 828 942 1364 1908 1872 1062 1476 1703 1922 1320 463 357 341 299 260 255 240 218 195 194 212 330 357 364 291 221 205 234 182 67 106 75 74 40 36 66 69 73 219 314 341 344 616 392 353 247 244 210 236 413 1001 789 590 549 623 1060 1073 1068 1213 1463 1513 1125 1048 1175 1112
-500 150 186 199 135 210 212 250 425 772 882 599 1396 1583 2793 2793 3260 3271 3506 3132 2497 2175 1288 655 894 896 949 263 868 1388 2172 2085 1143 413 432 295 256 300 300 173 220 187 320 292 293 272 260 186 172 170 182 21 28 19 42 36 14 17 14 32 212 254 271 356 412 306 331 255 148 153 175 401 633 500 431 408 779 1060 1142 1015 1025 947 817 983 823 992 1351
-500 -500 -500 28 221 256 455 679 760 1118 957 1640 3305 4469 3959 3798 3635 3330 3158 2838 2264 1939 990 452 604 158 137 733 1757 1815 1234 1767 1676 525 428 277 166 136 82 111 147 139 132 99 74 96 148 177 186 220 211 81 21 5 21 22 8 -12 -12 7 67 216 214 271 259 356 372 226 130 263 276 290 376 359 385 467 639 736 740 676 526 476 585 635 692 742 1233
-500 -500 -500 -500 44 171 450 914 1756 1579 1379 2713 4570 4436 2568 2373 2607 2191 1480 1385 1729 1274 809 985 437 534 253 1140 2460 2429 2436 2450 1767 623 417 171 46 -500 185 201 739 711 185 295 51 132 263 664 523 415 281 111 20 -3 -1 -28 -7 9 9 -3 144 162 140 194 213 126 98 110 121 176 200 203 222 320 318 348 463 507 620 568 384 402 409 625 2440 4117 4572
-500 -500 -500 -500 91 158 269 598 1399 1672 1631 2663 3676 3443 1530 1699 1965 1187 545 238 1623 1690 1814 1886 1450 1486 1100 1311 1272 501 556 542 348 191 391 54 -500 -500 -500 1141 1504 718 -500 695 860 2667 2209 1668 1382 1241 260 136 24 -14 -28 -28 213 476 492 273 236 184 201 239 244 54 71 91 102 136 166 181 447 1322 1396 422 386 412 798 1031 1031 1141 865 1534 2945 4096 4240
2379 2518 1656 1453 1592 1817 1740 822 1215 990 354 1210 1846 2000 862 334 1120 1529 1574 1535 -500 455 1837 2127 2282 2349 1952 1727 2121 1965 862 586 999 502 299 -500 -500 -500 -500 -500 -500 -500 -500 -500 -500 2667 3182 3729 5570 4970 1198 1439 1281 775 -28 -28 47 255 350 321 335 312 274 220 164 123 167 123 192 269 266 257 223 892 2079 1255 1245 649 758 677 1525 3275 4106 4926 3270 3403 3634
2099 2483 2053 2204 1856 3034 3276 2964 2743 920 -500 -500 198 -500 2463 2389 809 1636 1996 2695 2625 105 500 899 1886 2503 2542 2541 2208 2812 2330 2203 1429 712 63 -500 -500 -500 -500 390 124 195 -500 -500 -500 -500 17 3086 3847 4716 4879 4424 4074 3257 727 -28 -28 54 181 236 276 301 274 258 217 172 421 164 413 698 533 509 310 353 448 2416 4150 4257 4359 4291 4638 4204 4587 4691 4984 6346 7239
975 1180 2259 2092 2145 1210 1280 1154 1672 464 -500 -500 -500 -500 1329 1956 -500 6 1261 2145 2071 1095 805 154 -500 1646 2678 2521 2060 2882 2178 1435 829 879 463 453 458 1533 1953 2497 2036 1764 1198 701 514 959 1491 3225 3097 3133 2998 2282 3986 4287 4151 835 -28 -28 134 256 381 368 326 140 127 129 228 234 260 668 934 564 310 330 594 3180 3966 4295 4293 4211 4214 4552 4562 5690 5114 5917 6221
2509 2099 2381 1516 1979 1988 1367 -500 -500 202 266 -500 -500 -500 1158 1718 -500 -500 143 627 1693 1883 1513 513 187 1995 2402 2521 2710 1214 1821 1556 781 874 1233 2458 1772 2295 2044 1971 2006 2005 2448 2740 2975 3174 3367 3703 3043 3105 3844 3442 3577 2054 3035 1523 79 -28 148 307 400 486 340 189 166 191 187 240 261 756 728 1908 2106 1744 797 2582 3617 3171 4446 4678 4959 4853 4765 5532 4715 3506 1394
1494 1408 1176 1202 1514 1640 57 357 1320 500 204 -500 -500 -500 1098 1720 -500 -500 -500 -500 -500 1868 2132 339 178 823 2358 2260 1845 1570 472 547 1738 1295 2015 2040 1740 1725 1831 1747 1638 2200 2396 2749 3183 3412 3069 3106 3256 3392 4938 3800 3800 1616 1411 297 -28 -28 36 358 1864 916 639 78 134 225 218 234 256 297 370 1086 2135 4361 5245 4887 5455 6628 7029 6554 6087 4648 2680 2580 2143 1619 1184
936 1258 1291 2056 1401 1515 592 387 -500 -500 -500 -500 -500 -500 574 20 -500 -500 976 1115 1290 1827 1390 178 -500 -500 1543 2198 2344 1529 1288 1064 1173 1650 2032 2327 2630 2461 2041 1562 3112 3661 3035 3042 2497 2296 2797 2799 3997 3541 3410 3268 3218 4713 3036 -17 -28 -28 -28 53 187 867 1914 2235 1443 153 189 211 229 253 340 816 2923 4149 4525 4332 4703 6732 7217 6176 5775 7433 4733 1475 1305 1412 1474
1082 1658 3321 2474 1506 477 -500 -500 -500 -500 -500 -500 905 496 373 579 407 285 835 1663 3157 2949 718 -500 -500 -500 760 2193 2360 1153 996 993 1414 1650 2286 2526 2517 2935 2622 2452 3434 3627 3035 2778 2522 1960 1346 1585 3205 4078 4008 2807 3661 3235 3319 2735 1337 -28 -28 32 120 2464 2634 3062 2929 2958 687 311 450 500 432 674 3053 1723 2245 2715 4721 5862 6625 6182 5788 6016 5536 5238 4359 2457 1429
1763 1970 2866 2177 268 -500 776 1120 1523 1793 2117 1967 1648 1387 1368 1224 996 697 697 -500 792 510 -500 -500 -500 -500 -500 950 2352 1099 711 715 804 1199 1434 2977 3054 2622 2818 2385 2219 1799 2182 1128 752 650 897 1415 1285 2132 3559 3477 2954 3223 2933 2910 4659 4301 3838 3105 3916 2902 2810 2755 3109 3240 1914 686 850 972 1158 2163 2107 2780 3087 4954 6561 7632 7093 6484 7640 7592 7110 6307 6316 6656 6400
2054 1964 1462 808 1116 1059 1212 1928 1731 1476 1809 2087 2229 1913 1642 1343 219 45 185 -500 242 -500 -500 -500 -500 -500 -500 -500 -500 2082 2429 2104 897 1207 -500 -500 -500 -500 1403 1031 374 1710 1511 960 1063 848 384 357 359 850 1324 2573 3196 3121 2765 2889 2657 3870 5401 3647 2289 2335 2169 2769 2855 2758 2860 1635 1222 3028 3375 3755 4221 4048 4908 5123 6213 6211 5939 5640 7944 6812 8311 7283 6518 6585 7010
1632 2356 1830 1675 1822 1450 1313 1660 1621 1492 1541 1054 1830 1443 1451 1069 252 19 -500 -500 -500 -500 -500 -500 -500 -500 -500 -500 -500 110 656 1070 224 -500 -500 -500 -500 -500 1971 1514 182 2380 3053 1474 1372 710 494 418 346 488 667 2209 3252 3432 3519 3139 3169 2596 2217 1467 1636 1636 1843 2050 2822 2409 2508 2035 3183 3568 3467 3656 4389 5003 4770 4558 4455 3170 3351 5073 5021 5878 6722 7607 6763 6695 6524
2379 3088 3360 1764 1720 1721 1719 1961 1604 1023 754 348 332 164 169 541 635 74 3 -500 -500 -500 -500 -500 -500 -500 -500 -500 -500 -500 -500 -500 -500 -500 -500 -500 -500 -500 -500 -500 -500 2767 2504 1334 842 820 765 565 374 141 66 1564 2720 2787 3544 4027 3583 3763 2997 2292 2319 1988 2010 2788 2640 2839 2781 1843 3195 3834 4150 3977 4230 4691 4061 4025 4538 2382 1293 3375 4724 5607 7005 6336 6622 6499 6073
3416 3684 2666 1956 2108 2234 1972 956 827 779 571 285 261 288 306 506 613 278 851 926 398 85 -500 -500 -500 15 693 879 819 209 128 -500 -500 -500 -500 -500 -500 -500 -500 -500 406 1201 1788 1239 931 946 813 647 386 258 54 36 1526 2219 2559 3827 4189 3095 3254 2823 3056 2285 2013 2982 2390 2751 2520 2102 2449 3682 3673 2895 4052 3714 3167 3342 2075 1482 1209 1004 1660 4240 5980 6899 6635 6282 6642
3255 2311 1205 1410 1931 908 803 685 695 695 428 274 306 273 341 647 676 710 929 944 373 166 125 102 -500 38 486 298 208 216 232 244 227 225 86 49 42 28 45 170 811 1286 991 1009 1079 953 815 675 397 362 254 111 20 252 226 2070 3947 4249 3191 3451 4022 2899 3434 2882 1641 2644 2356 848 1084 1166 1786 2564 2563 2904 2878 3143 2977 193 416 224 241 721 3312 6149 6480 6731 6183
2149 999 903 757 788 902 677 645 624 522 337 436 334 374 638 697 599 643 739 690 494 380 378 280 269 106 137 129 150 177 202 250 245 266 256 201 213 421 740 1036 1029 1730 1074 1029 865 992 837 687 521 453 392 309 198 128 24 776 3497 4268 3811 3336 3327 3337 3387 4029 911 1914 2400 596 775 1271 1196 1318 3033 3406 3101 2237 2345 149 171 196 232 260 1890 3472 6650 7619 6826
1003 764 839 824 724 564 495 576 601 611 656 575 448 481 594 653 698 693 669 647 656 651 653 430 364 251 134 96 190 167 272 213 223 191 288 343 354 881 1253 1615 1536 1807 1320 1353 968 1035 857 791 706 586 508 403 326 278 128 4 1009 2975 3083 3204 2924 3169 4247 4366 2382 2259 2444 2419 2167 2197 2134 1899 3223 2908 1986 2014 1903 135 183 219 230 238 258 303 2542 2614 6567
622 703 705 685 587 461 427 614 729 720 676 605 520 568 658 733 719 750 690 1097 1027 841 626 508 405 366 374 150 302 281 215 210 207 238 350 299 288 718 1455 2447 2220 2351 1303 1281 1099 1069 1178 977 818 742 601 463 386 315 182 -500 40 1901 3090 2783 3003 2827 3774 3408 3672 3042 3396 3924 2300 1160 2426 2873 2975 2307 1109 985 134 153 227 288 344 723 426 333 220 236 1853
516 633 562 514 446 358 437 631 700 751 679 769 956 620 647 655 636 655 620 682 826 589 871 1006 511 302 262 177 212 238 251 327 324 358 327 334 290 592 1210 1761 1277 2272 1951 1767 1313 1443 1396 1467 1466 801 656 604 468 388 246 71 8 840 1663 2126 2145 2642 3154 2062 1281 1791 2026 2603 2558 2011 1772 2259 2410 2228 158 97 242 257 329 351 580 1033 760 357 217 174 168
644 736 637 531 420 344 353 409 375 1010 1381 1676 1451 1394 1284 1129 766 1039 912 632 534 560 729 881 517 311 277 251 298 505 442 362 355 395 461 506 510 482 621 1891 617 128 1103 1964 1549 1549 1465 1392 1409 947 793 799 681 533 337 228 104 12 -500 1177 1466 866 1688 2112 2037 1767 1991 1841 1657 1495 1614 1956 1932 1676 93 103 347 329 378 446 845 644 580 417 342 169 145
561 486 432 639 576 340 383 629 726 1346 1772 2014 1588 2027 2069 1753 1243 1137 979 751 652 826 823 779 475 468 393 306 618 677 663 692 628 573 499 599 578 521 755 820 1372 -500 127 1639 1481 1999 1926 1301 1301 1155 893 971 920 721 485 337 161 73 40 -500 52 322 2024 802 620 971 1104 551 894 1141 1361 1191 1106 1042 177 114 389 625 910 1231 825 608 501 528 509 331 407
609 306 309 309 354 350 370 658 1186 1386 1698 2242 2405 1916 2117 1851 1611 1243 1004 767 707 809 710 535 499 699 664 639 623 581 676 973 957 745 486 466 404 509 555 613 1668 1702 1 1829 2230 2102 1152 1179 1306 1292 1201 1017 1148 697 515 338 201 124 121 129 138 1131 1499 21 -500 -500 -500 -500 -500 -500 -500 -500 171 294 38 114 322 145 1694 1338 643 582 506 546 646 561 681
309 384 316 320 370 365 398 554 956 1075 1507 2885 2269 1914 1651 1506 1372 1301 1022 800 897 1066 780 649 1038 1042 837 668 630 653 926 1090 1078 737 438 394 339 467 497 773 1073 1353 99 5 1215 2181 1632 1518 1223 1297 1369 1196 1183 678 583 288 194 122 157 209 213 981 2537 2907 1939 1473 -500 -500 -500 -500 -500 -500 -500 15 210 399 263 79 466 670 600 576 629 634 667 691 968
332 374 353 336 363 366 397 537 769 718 1237 1895 1770 1389 1433 934 1199 1167 1043 915 1035 1222 1217 1252 1852 2223 849 769 571 571 1213 1246 985 553 337 337 382 419 640 856 1294 1732 1753 1 122 1561 1718 1416 1196 1218 1457 959 1156 682 381 256 255 146 154 235 259 227 1012 1743 1876 2178 -500 -500 -500 -500 -500 -500 -500 -500 36 231 249 336 87 817 783 797 752 823 1207 986 928
326 313 325 363 351 402 458 518 621 879 912 926 1246 1017 1180 945 739 913 896 896 1029 1122 3252 2716 2997 2213 746 675 652 759 1901 1913 978 537 408 452 633 762 777 769 1159 1809 2131 199 19 880 2589 1639 1564 1299 1379 1015 862 515 349 286 255 184 182 257 270 262 219 235 320 297 -500 -500 -500 -500 -500 -500 -500 -500 -500 555 899 586 275 992 1165 956 869 1151 930 688 833
320 303 323 333 373 477 525 778 779 813 813 787 614 1116 1863 938 588 596 718 749 613 1034 2597 2989 3109 1503 768 548 750 787 737 719 757 632 496 410 658 1083 740 874 933 1067 2006 536 -500 701 2667 2502 1739 1290 1180 940 861 548 453 349 289 228 238 268 255 217 321 185 207 -500 -500 -500 -500 -500 -500 -500 -500 -500 -500 -500 235 200 459 1429 1376 897 738 578 527 432 717
343 326 304 307 401 487 528 705 776 691 682 480 522 915 1862 1754 640 614 599 558 569 735 759 1637 3398 1037 562 775 817 820 772 715 753 789 502 404 422 584 604 625 815 1266 1684 879 20 7 1070 2459 2677 1810 1644 1072 804 641 510 417 342 354 400 363 196 223 195 217 -500 -500 -500 -500 -500 -500 -500 -500 -500 -500 -500 -500 -500 -500 645 1556 1120 961 663 587 647 652 882
348 349 340 271 407 491 475 633 625 450 453 459 482 739 1716 1841 761 611 600 578 494 513 509 599 589 635 627 775 988 988 842 623 703 789 558 478 420 431 857 780 813 1427 1643 1609 697 -500 22 1366 2958 2845 1813 1093 841 729 638 487 626 558 584 425 347 378 265 106 -500 -500 -500 -500 -500 -500 -500 -500 -500 -500 -500 -500 -500 -500 390 1400 1139 878 756 661 655 645 849
353 394 449 274 342 487 462 493 527 477 442 458 468 619 1653 1251 568 592 576 549 432 364 353 366 370 377 519 1146 1318 1280 922 632 746 848 554 544 602 596 683 643 525 918 1335 2662 2662 28 -500 315 2528 2947 2133 1324 980 922 935 908 1046 1097 970 1262 1739 1582 381 -500 -500 -500 -500 -500 -500 -500 -500 -500 -500 -500 -500 -500 -500 -500 -500 1411 1181 759 685 726 706 562 737
343 389 484 413 408 467 395 524 513 473 422 459 478 533 615 620 521 630 502 517 410 314 312 313 305 382 485 971 1234 1228 913 997 981 851 623 675 774 657 563 561 473 617 1352 1980 2576 299 24 54 447 2761 2565 2221 1104 1323 1181 1281 1182 1013 1387 1387 113 4 -500 -500 -500 -500 -500 -500 -500 -500 -500 -500 -500 -500 -500 -500 -500 -500 -500 1042 1013 759 668 713 877 866 464
370 339 730 1056 1048 441 356 474 387 351 428 688 667 479 559 526 526 610 393 392 397 381 336 331 330 393 527 1122 1078 999 1039 1230 2017 997 743 730 1122 667 525 597 580 585 1327 1833 2607 2811 256 240 172 3554 3339 2420 1278 1605 1544 1963 1605 1480 897 -500 -500 -500 -500 -500 -500 -500 -500 -500 -500 -500 -500 -500 -500 -500 -500 -500 -500 -500 -500 842 1034 935 1070 629 920 870 174
326 441 774 891 428 447 478 470 336 335 400 660 781 488 622 600 600 482 386 379 397 400 340 314 356 398 787 1287 1203 1055 1627 1895 1357 910 889 936 927 536 497 504 640 685 1373 1825 2787 3236 1178 1297 584 2801 3198 2268 2421 1819 2136 1429 314 -500 -500 -500 -500 -500 -500 -500 -500 -500 -500 -500 -500 -500 -500 -500 -500 -500 -500 -500 -500 -500 -500 -500 771 964 1111 1050 926 1027 37
312 470 516 479 520 405 377 334 280 278 530 437 521 512 518 639 581 409 344 309 354 334 318 327 362 437 788 1079 1153 1270 2910 1244 873 880 778 708 650 478 479 580 644 828 1274 3227 4471 3170 1707 2017 817 2636 3143 2463 1976 1136 167 -500 -500 -500 -500 -500 -500 -500 -500 -500 -500 -500 -500 -500 -500 -500 -500 -500 -500 -500 -500 -500 -500 -500 -500 -500 1111 1890 1206 1407 1203 1101 57
465 484 401 515 495 453 385 364 320 270 339 444 722 656 586 411 401 456 407 317 312 305 499 448 1227 793 722 976 1218 1464 2917 1147 721 576 670 974 1372 1313 459 539 542 1161 2141 3133 3574 4248 2078 1489 1773 1008 796 439 -500 -500 -500 -500 3 -500 572 1239 1431 -500 -500 -500 -500 -500 -500 -500 -500 -500 -500 -500 -500 -500 -500 -500 -500 -500 -500 -500 161 1683 1152 1507 1322 974 181
