MSALib/mx30+GLOBEat1Deg-exportAscii.txt
north: 90N
south: 90S
east: 180E
west: 180W
rows: 180
cols: 360
[rows 39 to 77 of 180, columns 261 to 347 of 360]
602 1192 2635 2519 2793 2790 4010 3318 3443 3848 3257 2928 2598 2396 2518 3101 2946 3200 3081 2916 2118 2167 2136 2083 1797 1356 1698 1650 2042 1964 2082 1884 1585 1192 1020 1343 1332 1430 1077 1186 1389 1247 1190 1031 703 819 457 269 299 1303 1152 1183 1815 2125 1995 1403 944 1581 1441 959 -500 1266 1483 -500 -500 -500 -500 -500 -500 -500 -500 -500 -500 695 2164 1087 -500 -500 -500 -500 -500 -500 -500 -500 -500 -500 -500
920 1557 1746 2711 3197 4348 4297 3809 3910 2967 3963 2329 2574 2890 2668 2729 2890 2578 2515 2443 2277 2036 2128 1906 1574 1625 2044 2043 2475 2361 2509 1845 1415 1110 885 974 1109 1083 997 1093 1304 1385 1092 575 596 766 519 453 419 654 1200 1335 1240 1661 1345 471 1319 1699 1419 924 41 1291 1096 512 -500 -500 -500 -500 -500 -500 -500 -500 88 1217 4 -500 -500 -500 -500 -500 -500 -500 -500 -500 -500 -500 -500
1169 1072 1379 2474 3174 3023 3734 3784 3889 4082 3624 2224 1687 2312 2566 3005 3058 3198 3082 2960 2416 2109 2124 1770 1760 2119 2650 2639 2396 1733 1578 1464 1352 965 929 974 892 824 1011 1410 1458 1174 782 512 526 553 589 788 874 761 1006 813 579 931 649 1107 1940 2007 1355 708 906 1080 -500 155 -500 -500 -500 -500 -500 -500 -500 -500 1341 823 -500 -500 -500 -500 -500 -500 -500 -500 -500 -500 -500 -500 -500
2444 2895 2832 2743 3786 2583 2058 3042 3682 3923 3832 3673 3299 2260 2591 3005 3900 3497 3482 3509 3125 2328 2082 2101 1811 2235 2215 2195 1913 1637 1530 1359 1316 1099 1103 822 761 1038 1512 1708 1384 987 380 231 309 332 645 1096 1014 710 398 493 506 1066 918 1848 1867 1415 1169 -500 412 984 588 -500 -500 -500 -500 -500 -500 -500 -500 1001 944 -500 -500 -500 -500 -500 -500 -500 -500 -500 -500 -500 -500 -500 -500
878 1794 2832 2583 3342 2604 1143 939 2083 3396 4092 3950 4176 2672 3419 3228 3172 3131 3097 3422 3480 3019 2371 2066 1803 1723 1633 1625 1717 1527 1574 1391 1293 1222 1218 1125 1180 1197 1492 1560 1152 819 241 184 304 242 611 1400 1111 761 772 653 773 855 1355 1667 1719 1035 -500 -500 463 946 583 -500 -500 -500 -500 -500 376 1150 1457 598 -500 -500 -500 -500 -500 -500 -500 -500 -500 -500 -500 -500 -500 -500 -500
4028 3205 2657 1811 894 523 744 1056 1417 3289 3039 2840 3171 3694 3222 3709 3705 3359 2931 3799 2603 2288 1651 1858 1620 1604 1639 1356 1279 1278 1235 1233 1558 1715 1550 1296 1197 1289 1488 1281 1041 463 166 179 251 249 924 1250 1348 941 825 557 1023 1357 1528 1664 1533 -500 -500 293 1451 626 -500 -500 -500 -500 1410 1243 1334 739 -500 -500 -500 -500 -500 -500 -500 -500 -500 -500 -500 -500 -500 -500 -500 -500 -500
3666 3952 4592 4397 2001 1330 1036 2217 1029 1291 1978 2773 2650 3527 3747 2102 2973 2872 2475 3887 3455 2387 1522 1541 1556 1444 1433 1422 1296 1255 1251 1418 1489 1546 1447 1383 1818 1923 1629 1161 606 195 214 298 362 573 1622 1639 1112 1064 932 963 1139 1400 1318 1035 -500 -500 -500 -500 538 1234 1141 827 1473 1598 1510 -500 -500 -500 -500 -500 -500 -500 -500 -500 -500 -500 -500 -500 -500 -500 -500 -500 -500 -500 -500
3666 3762 4388 4771 5100 5050 4350 4884 4140 3880 2683 4002 4240 4779 2193 2625 1935 1988 1702 2701 2590 2519 2759 2697 1818 1696 1411 1224 1410 1351 1257 1190 1246 1351 1545 1605 1982 1503 1234 637 308 268 218 462 744 1274 1221 1387 1225 1453 971 1192 1619 1670 693 -500 -500 -500 -500 1159 1367 2115 1784 1333 1045 325 -500 -500 -500 -500 -500 -500 -500 -500 -500 -500 -500 -500 -500 -500 -500 -500 -500 -500 -500 -500 -500
6233 4859 4640 4575 4662 4310 4194 2576 1447 1259 1186 988 2000 4424 2674 2385 1983 2217 1522 1532 1681 1692 1671 2030 1830 1335 1411 1518 1518 1458 1616 1605 1673 1711 1671 1637 2007 1684 1060 1156 745 290 497 897 1159 1270 2062 2656 1643 1079 549 835 937 575 -500 -500 -500 -500 1333 1734 1343 1814 1306 159 63 -500 -500 -500 -500 -500 -500 -500 -500 -500 -500 -500 -500 -500 -500 -500 -500 -500 -500 -500 -500 -500 -500
4626 2384 2206 1344 3193 2609 2645 2652 1951 1658 1355 1756 1566 2064 2613 2449 2526 1661 1617 1413 1192 1457 1455 1439 1403 2304 2147 1805 1936 2312 2175 2149 1854 1853 2109 2200 1691 1836 1086 1043 765 201 1058 1259 1267 1657 2412 2591 2400 84 -500 -500 -500 -500 -500 -500 -500 -500 500 1087 761 -500 156 -500 -500 -500 -500 -500 -500 -500 -500 -500 -500 -500 -500 -500 -500 -500 -500 -500 -500 -500 -500 -500 -500 -500 -500
1050 1030 1030 1041 1037 1042 972 1336 1326 1236 1412 1660 1911 2029 1945 2466 2178 2046 1791 1516 1397 1642 1903 1865 1905 2085 1592 2097 2242 2323 2227 2274 2200 1991 2291 1646 1945 1700 1306 726 187 994 1041 1142 1616 2203 2481 2128 1521 -500 -500 -500 -500 -500 -500 -500 -500 -500 853 1435 1151 -500 -500 -500 -500 -500 -500 -500 -500 -500 -500 -500 -500 -500 -500 -500 -500 -500 -500 -500 -500 -500 -500 -500 -500 -500 -500
1133 1138 1167 1143 1174 1112 1022 1692 3673 4204 4258 4485 5753 4732 5578 5434 5175 5418 4705 3653 2767 1920 1933 1625 2591 2676 1995 1569 1609 1577 1917 2252 2974 2592 2808 914 365 443 513 5 523 725 462 654 714 1595 1729 110 -500 -500 -500 -500 -500 -500 -500 -500 -500 -500 1532 2087 1883 437 -500 -500 -500 -500 -500 -500 -500 -500 -500 -500 -500 -500 -500 -500 -500 -500 -500 -500 -500 -500 -500 -500 -500 -500 -500
1279 1268 1273 1286 1457 4380 5439 6014 5814 4758 4190 3950 4369 4784 5620 5568 5748 5224 4990 4901 4260 3228 1638 1647 3495 3159 1584 1602 1460 1751 2764 2558 2495 1616 442 110 85 92 6 199 344 -500 -500 398 805 1379 1486 1574 -500 -500 -500 -500 -500 -500 -500 -500 -500 933 1673 1817 768 -500 -500 -500 -500 -500 -500 -500 -500 -500 -500 -500 -500 -500 -500 -500 -500 -500 -500 -500 -500 -500 -500 -500 -500 -500 -500
1454 1498 2380 4925 6140 5720 6142 5843 5656 5569 5365 3770 2949 4018 5364 4984 5067 5073 4693 4642 5106 4704 3992 2936 2353 2600 1954 1848 1578 1471 2731 2062 2114 1661 53 144 139 62 369 740 815 507 -500 241 395 583 1366 1479 1176 854 157 -500 -500 -500 -500 454 694 1270 2013 1963 68 -500 -500 -500 -500 -500 -500 -500 -500 -500 -500 -500 -500 -500 -500 -500 -500 -500 -500 -500 -500 -500 -500 -500 -500 -500 -500
6386 6624 6138 6551 6076 5776 6657 5559 5720 6835 6029 5651 5510 5493 5313 5006 4773 5200 5212 4532 4817 4318 3205 2936 2852 2360 1831 1736 1522 1767 2519 2422 1957 1154 77 657 1321 988 537 1076 514 412 -500 -500 146 652 1085 1312 1102 -500 -500 245 443 -500 481 2566 2898 2570 2386 896 -500 -500 -500 -500 -500 -500 -500 -500 -500 -500 -500 -500 -500 -500 -500 -500 -500 -500 -500 -500 -500 -500 -500 -500 -500 -500 -500
6687 6893 5669 5350 6200 5508 5529 6002 6172 6207 5818 5684 5795 6055 5593 5442 5407 5232 5178 4475 4940 4616 4264 3587 2432 2920 1610 1827 1737 1735 2279 1925 1668 891 103 457 1021 877 573 616 -500 -500 -500 -500 109 997 1732 1228 1116 -500 -500 1075 1450 1363 1070 1561 2872 3571 1572 290 -500 -500 -500 -500 -500 -500 -500 -500 -500 -500 -500 -500 -500 -500 -500 -500 -500 -500 -500 -500 -500 -500 -500 -500 -500 -500 -500
6355 6399 6063 5988 6401 6045 5622 5633 6208 5822 5653 5466 5588 5354 5435 5120 5144 5188 6199 4821 4786 4393 4770 3839 2658 2726 3256 2114 2592 2284 1988 1404 1413 124 95 262 474 239 617 24 -500 -500 -500 -500 477 630 705 658 513 536 1148 1252 1101 984 1773 1593 823 1205 1198 -500 -500 -500 -500 -500 -500 -500 -500 -500 -500 -500 -500 -500 -500 -500 -500 -500 -500 -500 -500 -500 -500 -500 -500 -500 -500 -500 -500
6291 6291 6126 6031 6212 6171 5983 6271 6456 6451 6479 5943 5581 5705 5797 5277 5138 5291 5203 4946 5209 4163 4490 4478 2660 2586 3691 2919 2530 1896 2026 2026 798 100 112 279 235 92 64 65 15 -500 -500 -500 -500 1824 -500 127 657 1044 1684 1459 1731 1718 1164 856 -500 7 726 -500 -500 -500 -500 -500 -500 -500 -500 -500 -500 -500 -500 -500 -500 -500 -500 -500 -500 -500 -500 -500 -500 -500 -500 -500 -500 -500 -500
6642 5999 6071 5816 5855 6019 6184 5788 5598 5512 5905 5918 5676 5677 5648 5514 5402 6191 4980 5000 4693 5044 5408 4764 2684 2399 2438 2445 2861 1732 1512 512 982 309 369 171 290 323 355 71 55 -500 -500 -500 -500 -500 -500 305 513 1501 1601 756 326 -500 -500 -500 -500 -500 384 -500 -500 -500 -500 -500 -500 -500 -500 -500 -500 -500 -500 -500 -500 -500 -500 -500 -500 -500 -500 -500 -500 -500 -500 -500 -500 -500 -500
6409 6432 6601 5968 6829 6261 5933 5981 5664 5739 5883 5685 5789 6174 6022 5437 5413 5780 6077 5915 5354 5815 5489 3512 972 1388 1680 2558 2860 2976 1929 978 873 773 1691 1683 518 415 540 297 41 53 -500 -500 -500 -500 -500 102 539 1510 982 -500 -500 -500 -500 -500 -500 -500 5 25 -500 -500 -500 -500 -500 -500 -500 -500 -500 -500 -500 -500 -500 -500 -500 -500 -500 -500 -500 -500 -500 -500 -500 -500 -500 -500 -500
7492 6511 6505 6238 6263 6493 5938 6339 5967 7110 6216 5865 6664 6461 6403 5729 5616 5178 5977 5100 5592 5682 5145 1047 587 1599 1204 1848 2222 2341 1350 345 325 753 1175 1682 1661 1674 1499 696 441 445 -500 -500 -500 -500 -500 -500 475 1755 215 -500 -500 -500 -500 -500 -500 -500 -500 272 -500 -500 -500 -500 -500 -500 -500 -500 -500 -500 -500 -500 -500 -500 -500 -500 -500 -500 -500 -500 -500 -500 -500 -500 -500 -500 -500
6902 7804 6384 6836 6245 6364 6001 6251 6413 6907 5665 5899 6072 6929 7491 6894 6177 6107 5876 5140 7067 5892 3399 931 981 1271 2190 1910 1902 1950 1082 332 1395 1538 1433 1408 1512 1393 1169 1061 1066 500 -500 -500 -500 -500 -500 -500 820 -500 -500 -500 -500 -500 -500 -500 -500 -500 -500 27 -500 -500 -500 -500 -500 -500 -500 -500 -500 -500 -500 -500 -500 -500 -500 -500 -500 -500 -500 -500 -500 -500 -500 -500 -500 -500 -500
4048 5553 8081 8164 7829 8352 6586 6667 7084 7336 6577 6803 5868 4953 4306 5908 5688 6596 5191 5835 5237 4932 3963 4685 1769 1867 2090 1923 1225 1359 1533 799 1490 1697 1223 494 1870 1694 1567 1370 962 118 -500 -500 -500 -500 -500 472 556 63 -500 -500 -500 -500 -500 -500 -500 -500 -500 -500 -500 -500 -500 -500 -500 -500 -500 -500 -500 -500 -500 -500 -500 -500 -500 -500 -500 -500 -500 -500 -500 -500 -500 -500 -500 -500 -500
425 1660 2071 2310 4372 8752 8682 8490 7160 5962 6083 7088 3874 2797 2179 4458 4728 4701 4633 5368 4299 4176 3809 2692 2235 1762 1480 2443 1297 1875 1452 1102 1262 1791 1267 1573 2108 1712 1801 1265 362 -500 -500 -500 -500 -500 272 497 150 -500 -500 -500 -500 -500 -500 -500 -500 -500 -500 17 -500 260 -500 -500 -500 -500 -500 -500 -500 -500 -500 -500 -500 -500 -500 -500 -500 -500 -500 -500 -500 -500 -500 -500 -500 -500 -500
139 106 94 93 349 1984 2305 2519 3918 2693 2522 2286 1256 2649 3390 2282 3389 4323 4408 3905 3574 4147 3888 2812 2249 1679 1801 2003 1561 1977 1795 1328 2006 2038 1349 1776 1462 1562 1447 896 -500 -500 -500 -500 -500 215 357 427 -500 -500 -500 -500 -500 -500 -500 -500 -500 -500 -500 -500 -500 314 -500 -500 -500 -500 -500 -500 -500 -500 -500 -500 -500 -500 -500 -500 -500 -500 -500 -500 -500 -500 -500 -500 -500 -500 -500
389 189 212 113 321 443 365 53 166 1356 1954 1687 2752 2950 3464 2147 3054 3743 3531 4056 2964 3257 3230 2711 1919 1631 1549 1713 2016 2006 1935 1708 2006 1893 1291 1747 1624 1741 1000 -500 1068 102 205 24 -500 -500 -500 -500 -500 -500 55 -500 -500 -500 -500 -500 -500 -500 -500 -500 488 -500 -500 -500 -500 -500 -500 -500 -500 -500 -500 -500 -500 -500 -500 -500 -500 -500 -500 -500 -500 -500 -500 -500 -500 -500 -500
695 599 619 594 648 629 529 52 41 46 364 1196 2282 2192 1671 1548 2694 2828 3457 3236 3073 2751 2576 2327 1788 1998 1249 1427 1134 1675 1805 1764 1743 1275 1386 1455 1489 1033 70 2300 3772 102 389 407 98 -500 -500 -500 -500 -500 32 -500 -500 -500 -500 -500 -500 -500 -500 -500 918 -500 -500 -500 -500 -500 -500 -500 -500 -500 -500 -500 15 -500 -500 -500 -500 -500 -500 -500 -500 -500 -500 -500 -500 -500 -500
1067 1031 1219 1161 903 1270 255 34 35 23 451 1824 2523 1586 1164 1852 2176 2483 3076 3345 2823 2931 2918 2328 1932 1532 922 1523 1211 1892 1211 1256 1121 1184 1266 1338 1014 -500 63 3686 3629 -500 -500 -500 -500 -500 -500 -500 -500 -500 -500 -500 -500 -500 -500 -500 -500 -500 -500 -500 -500 -500 -500 -500 -500 -500 -500 -500 -500 -500 -500 -500 -500 -500 -500 -500 -500 -500 -500 -500 -500 -500 -500 -500 -500 -500 -500
1130 1098 1163 972 892 923 113 22 26 35 512 1493 2636 1288 406 2240 2001 2598 2510 2481 2158 2971 3084 2710 2144 1105 999 932 1010 1249 1605 1184 757 1250 1050 196 -500 -500 -500 2853 2828 -500 -500 -500 -500 -500 -500 -500 -500 -500 -500 -500 -500 -500 -500 -500 -500 -500 -500 -500 -500 -500 -500 -500 -500 -500 -500 -500 -500 -500 -500 -500 -500 -500 -500 -500 -500 -500 -500 -500 -500 -500 -500 -500 -500 -500 -500
841 685 663 776 1208 1147 67 39 32 32 81 1159 3022 2352 502 2310 2410 2212 2244 2563 1969 1816 2301 2844 1550 1380 1401 1192 506 334 1215 663 348 233 -500 -500 -500 -500 -500 260 243 -500 -500 -500 -500 -500 -500 -500 -500 -500 -500 -500 -500 -500 -500 -500 -500 -500 -500 -500 -500 -500 -500 -500 -500 -500 -500 -500 -500 -500 -500 -500 -500 -500 -500 -500 -500 -500 -500 -500 -500 -500 -500 -500 -500 -500 -500
856 1030 1065 1197 715 294 19 -500 -500 -500 -500 797 2046 1887 1378 1933 2488 1914 2221 1998 1945 1793 2092 1960 1530 306 367 -500 172 238 -500 -500 -500 -500 -500 9 -500 -500 -500 -500 441 842 -500 -500 -500 -500 -500 -500 -500 -500 -500 -500 -500 -500 -500 10 -500 -500 -500 -500 -500 -500 -500 334 202 -500 -500 -500 -500 -500 -500 -500 -500 -500 -500 -500 -500 -500 -500 -500 -500 -500 -500 -500 -500 -500 -500
975 1141 1387 1413 634 19 -500 -500 -500 -500 -500 285 569 1684 544 1921 2104 2052 1889 1773 2029 2311 2522 2593 1379 72 -500 646 1762 1143 225 -500 -500 -500 -500 -500 -500 -500 -500 -500 1036 233 -500 -500 -500 -500 -500 -500 -500 -500 -500 -500 -500 -500 -500 -500 -500 -500 -500 -500 -500 -500 -500 -500 830 -500 -500 -500 -500 -500 -500 -500 -500 -500 -500 -500 -500 -500 -500 -500 -500 -500 -500 -500 -500 13 -500
1203 1602 1531 1454 -500 -500 -500 -500 -500 -500 -500 -500 243 1335 747 1905 2527 2518 1889 1596 1669 1905 2775 1938 2276 813 -500 1267 1701 1228 -500 -500 -500 -500 -500 -500 -500 -500 -500 2228 1508 1025 -500 -500 -500 -500 -500 -500 -500 -500 -500 -500 -500 -500 -500 -500 -500 -500 -500 -500 -500 -500 -500 -500 903 -500 -500 -500 -500 -500 -500 -500 -500 -500 -500 -500 -500 -500 -500 -500 -500 -500 -500 -500 -500 -500 -500
1315 1500 523 -500 -500 -500 -500 -500 -500 -500 -500 -500 -500 1066 418 736 1652 1980 1290 1777 2031 877 670 942 1880 1490 68 -500 -500 -500 -500 13 -500 -500 -500 -500 -500 -500 -500 2566 2566 1804 -500 -500 -500 -500 -500 -500 -500 -500 -500 -500 -500 -500 -500 -500 -500 -500 -500 -500 -500 -500 -500 -500 682 -500 -500 -500 -500 -500 -500 -500 -500 -500 -500 -500 -500 -500 -500 -500 -500 -500 -500 -500 -500 -500 -500
214 76 -500 -500 -500 -500 -500 -500 -500 -500 -500 -500 -500 329 37 40 831 1890 2006 1435 1766 967 594 628 767 1944 2016 1199 -500 -500 16 20 -500 -500 -500 -500 -500 -500 175 2922 2200 1554 -500 -500 -500 -500 -500 -500 -500 -500 -500 -500 -500 -500 -500 -500 -500 -500 -500 -500 -500 -500 -500 -500 725 85 -500 -500 -500 -500 -500 -500 -500 -500 -500 -500 -500 -500 -500 -500 -500 -500 -500 -500 -500 -500 -500
16 -500 -500 -500 -500 -500 -500 -500 -500 -500 -500 -500 -500 67 32 -500 945 1693 1835 610 991 972 243 310 1179 1698 2521 2300 143 -500 8 -500 -500 -500 -500 -500 1 -500 600 1938 1897 59 -500 -500 -500 -500 -500 -500 -500 -500 -500 -500 -500 -500 -500 -500 -500 -500 -500 -500 -500 -500 -500 -500 397 -500 -500 -500 -500 -500 -500 -500 -500 -500 -500 -500 -500 -500 -500 -500 -500 -500 -500 -500 -500 -500 -500
-500 -500 -500 -500 -500 -500 -500 -500 -500 -500 -500 -500 98 -500 -500 -500 688 1392 1218 578 1309 928 545 720 1442 1490 2350 2299 800 -500 -500 -500 -500 -500 -500 -500 -500 -500 46 1250 2050 1408 134 253 -500 -500 -500 -500 -500 -500 -500 -500 -500 -500 -500 -500 -500 -500 -500 -500 -500 -500 -500 -500 471 -500 -500 -500 -500 -500 -500 -500 -500 -500 -500 -500 -500 -500 -500 -500 -500 -500 -500 -500 -500 -500 -500
-500 -500 -500 -500 -500 -500 -500 -500 -500 -500 -500 596 710 712 -500 -500 255 1944 1173 268 728 1304 394 623 505 490 839 1433 805 -500 -500 -500 -500 -500 -500 -500 -500 -500 -500 2480 2332 998 2304 745 -500 -500 -500 -500 -500 -500 -500 -500 -500 -500 -500 -500 -500 -500 -500 -500 -500 -500 -500 365 -500 -500 -500 -500 -500 -500 -500 -500 -500 -500 -500 -500 -500 -500 -500 -500 -500 -500 -500 -500 -500 -500 -500
-500 -500 -500 -500 -500 -500 -500 -500 -500 -500 -500 489 343 -500 -500 -500 455 789 1416 270 982 1519 1614 1650 599 552 1585 2250 1684 -500 -500 -500 -500 -500 -500 -500 -500 -500 343 1266 2296 1967 712 1321 799 -500 -500 -500 -500 -500 -500 -500 -500 -500 -500 -500 -500 -500 -500 -500 -500 -500 -500 -500 -500 -500 -500 -500 -500 -500 -500 -500 -500 -500 -500 -500 -500 -500 -500 -500 -500 -500 -500 -500 -500 -500 -500
