MSALib/mx30+GLOBEat0_5Deg-exportAscii.txt
north: 90N
south: 90S
east: 180E
west: 180W
rows: 360
cols: 720
[rows 114 to 151 of 360, columns 435 to 521 of 720]
954 794 897 896 865 813 750 647 515 386 296 195 82 40 37 34 35 281 1526 1885 2219 2519 2559 3633 3827 3837 3705 2616 2359 3254 2935 2339 1922 1997 2555 2285 2254 1517 1511 1997 1827 1591 2142 2692 2751 2032 1572 1865 2102 2156 2094 2487 3682 3673 2960 2861 2895 3688 4052 3714 3342 2567 3167 3093 3342 2075 577 1223 1482 1209 947 1004 388 1112 1660 3169 4240 5219 5980 6572 6339 6635 6422 6196 6113 6121 6642
1023 863 931 946 915 809 738 646 545 367 316 258 188 54 28 36 34 42 51 252 294 383 723 2503 3796 4189 3418 3095 2601 2433 1967 2454 2823 2543 3056 2245 2230 2013 1541 2982 1212 1436 2390 2425 2375 2520 2031 1353 1799 1459 2449 2482 2114 2438 1598 2555 2633 3386 2606 2867 2650 2712 2823 3252 2749 1565 1303 887 1012 972 215 229 228 262 305 820 2019 4906 5791 6183 6899 6369 6340 6066 6282 6167 6065
1009 947 993 946 935 793 722 675 510 362 340 330 284 171 61 34 19 17 20 16 252 226 210 924 2070 3947 3786 3712 3588 2948 2189 2482 3451 4022 2694 2408 2899 3342 2348 2720 1233 851 1641 2644 2634 2356 1544 848 609 1084 766 1166 1000 1089 1786 2564 1673 2290 2563 2815 2551 2415 2721 2635 3143 2153 213 193 191 185 416 204 224 230 241 263 721 1166 3312 5279 6149 6178 6480 5611 6232 6063 6183
833 960 1079 953 875 815 743 623 466 379 397 362 347 254 173 111 24 20 15 14 30 37 121 394 1738 3601 3593 4249 3649 3191 2867 2300 2563 3812 2838 2235 2817 3434 3118 2882 1247 636 1415 1643 1853 2063 1342 773 513 611 975 812 822 1001 1186 1254 1676 1919 2521 2529 2904 2878 2549 2542 2880 2977 234 190 177 174 192 194 203 218 228 238 323 1006 2352 3180 5151 6219 6295 6724 6731 6178 5951
740 804 865 992 858 822 740 617 519 445 401 406 398 337 267 208 140 91 41 38 30 24 24 97 776 2166 3497 4268 4094 3359 3811 3292 2645 2104 3327 2701 2617 3052 3387 3686 2548 509 911 1084 1352 1883 1946 578 575 751 775 782 880 1081 1196 1262 1318 2580 2702 3189 3296 2798 2482 2237 2219 2345 687 149 147 157 171 180 196 190 232 243 260 351 1890 3472 3225 4834 6650 6926 7619 6757 5930
886 702 717 852 855 837 762 687 576 521 479 430 453 392 358 309 233 198 168 122 128 22 21 31 205 756 3172 2447 3637 3483 3461 3199 3336 2871 2567 3337 2768 2700 2861 4029 3987 607 545 1041 1914 2400 1942 518 596 641 738 986 1271 1096 1080 1188 1210 2219 3033 3406 3326 3101 1977 1928 1952 2231 608 135 149 159 165 169 186 195 219 231 250 272 312 611 2099 2561 2944 3814 7595 6721 6826
1098 887 787 863 852 753 750 734 651 603 562 515 471 453 404 350 306 279 248 213 147 50 13 -500 4 233 1009 1668 2975 2988 2603 2815 3204 2924 2687 2448 3169 3667 3576 4366 3985 1468 581 888 2234 2260 2222 2286 647 817 1063 1621 2152 2015 1725 1078 1030 2114 2812 2908 1589 1986 1935 2014 1898 1903 146 119 135 161 167 165 180 204 205 225 238 242 258 274 303 1484 2542 2555 2614 4343 6567
1088 968 938 972 1035 857 825 791 739 706 657 586 567 508 418 403 367 326 298 278 198 128 -500 -500 -500 69 68 1767 2326 3083 2831 2911 3134 2898 2743 2637 2781 2986 4247 4073 3627 2382 1086 651 2259 2368 2444 2419 1454 1679 2167 2197 2152 2134 1673 1510 1899 2687 3223 2573 715 1370 1477 1615 1433 426 109 120 133 183 160 196 219 230 215 226 236 243 246 250 246 244 671 2550 2455 2581 2864
1075 1099 1027 938 981 977 898 857 826 758 780 706 636 592 486 442 402 366 335 299 256 151 6 -500 -500 -500 40 1901 1678 2749 3090 2783 2349 2723 3003 2733 2564 3774 3324 2965 3408 3672 1991 755 952 2166 3047 3924 1747 937 1058 922 1040 1702 2426 2873 2146 2725 2975 2307 100 287 1109 985 656 111 104 110 126 145 178 220 227 257 270 271 334 318 228 273 225 220 214 226 236 1292 1853
1219 1089 945 1041 1069 1032 1178 977 884 818 770 742 677 601 553 463 430 386 348 315 269 182 43 -500 -500 8 -500 641 1437 1773 1730 1929 2606 1909 2201 2742 2827 2586 2873 2566 1897 3147 2539 1943 3042 3396 2253 2207 2906 2300 721 592 1160 1893 1403 1179 2156 2692 2705 2005 79 69 95 98 83 102 134 145 153 179 227 250 288 337 344 394 723 426 388 333 213 213 201 185 180 195 167
1197 1083 1085 1067 1113 1396 1344 1441 1460 952 803 770 717 656 576 523 468 415 384 324 302 246 68 20 13 8 -500 27 840 1525 1663 1779 1771 1990 2129 1964 2435 3154 2532 1790 1790 551 1074 1588 1791 1999 2026 2603 2175 2558 1554 887 761 1395 1772 1994 2121 2186 2410 2228 247 63 138 84 97 156 164 155 185 221 311 347 342 397 425 1033 965 760 620 357 197 188 217 174 161 168 159
1767 1247 1313 1387 1443 1345 1316 1435 1467 1466 942 801 731 653 618 604 546 468 432 388 324 240 113 71 38 -500 -500 -500 -500 -500 1309 1436 2126 2145 2044 2642 1571 2237 799 1105 2062 1281 642 454 577 880 1609 2559 2403 1891 2075 2011 1499 1580 1771 1891 2259 2258 2268 2139 198 59 158 86 83 242 242 227 257 295 329 351 351 402 580 918 778 697 606 267 206 180 175 170 158 158 153
1681 1193 1258 1263 1339 1370 1259 1392 1363 1409 1102 857 748 659 694 685 628 585 512 455 381 309 258 114 73 28 -500 -500 -500 -500 -500 784 1177 1466 1242 866 447 146 79 881 2112 2037 1720 1767 1748 1991 1813 1841 1791 1599 1657 1495 1201 1614 1527 1666 1956 1932 1563 1676 46 83 93 87 103 212 347 329 318 333 366 396 446 616 806 644 643 580 523 389 318 193 168 159 152 145 145
1348 1455 1549 1531 1549 1465 1202 1222 1190 1188 1149 947 719 722 793 799 742 681 581 533 429 337 337 228 95 104 59 12 -500 -500 -500 -500 21 95 95 69 -500 1688 371 1022 1598 1799 1617 1121 1397 1669 1556 1747 1401 1328 1234 1245 1268 1447 1492 1155 1497 995 1410 1338 1016 80 71 80 92 178 319 327 291 329 378 332 346 712 845 538 530 514 490 417 408 342 287 169 152 136 136
1332 1184 1481 1520 1999 1926 1264 1268 1301 1301 1255 1102 809 780 802 922 853 746 738 616 516 450 364 313 262 120 49 50 51 37 -500 -500 -500 47 47 55 201 2024 -500 428 802 613 620 582 971 1104 640 496 551 894 615 1141 1119 1361 875 1191 1143 1105 1106 1042 992 177 33 65 86 178 324 624 227 910 588 424 886 825 562 608 489 501 480 521 477 352 258 247 171 150 118
1639 1296 1390 1558 1749 1749 1229 1185 1100 1018 1240 1155 960 893 833 940 971 920 816 721 562 485 378 337 259 161 92 73 29 8 40 -500 -500 52 -500 110 322 994 -500 -500 -500 -500 16 110 295 88 439 459 177 790 877 382 326 439 434 664 363 187 664 701 466 132 22 17 114 172 389 625 148 769 789 1098 1231 695 570 581 538 292 446 519 528 509 381 331 307 407 402
1829 2230 1682 1608 1482 1152 1143 1146 1158 1181 1306 1262 1175 1008 950 822 993 1022 861 697 632 515 379 332 244 191 145 86 27 74 43 129 34 66 89 237 939 1322 74 -500 -500 -500 -500 -500 -500 -500 -500 -500 -500 -500 -500 -500 -500 -500 -500 -500 -500 -500 171 223 294 38 19 72 114 154 166 132 145 907 1694 1259 1338 586 643 582 510 433 440 533 542 509 448 526 533 512 603
445 1847 1851 2102 1306 1054 1011 1128 1179 1138 1209 1292 1177 1171 1201 1017 770 1148 1099 642 590 502 373 338 243 201 160 124 71 56 121 48 35 67 138 239 1131 1499 711 21 -500 -500 -500 -500 -500 -500 -500 -500 -500 -500 -500 -500 -500 -500 -500 -500 -500 -500 -500 14 19 23 20 69 87 79 322 116 143 1061 1061 1033 1045 604 592 571 499 472 506 546 545 550 646 561 547 635 681
5 159 1215 2181 2091 1477 1279 1177 1077 1077 1223 1255 1261 1306 1106 1143 846 1183 1130 629 585 478 583 288 239 194 166 120 82 81 139 160 157 148 163 202 981 1421 1766 1200 459 700 539 -500 -500 -500 -500 -500 -500 -500 -500 -500 -500 -500 -500 -500 -500 -500 -500 12 15 15 210 194 399 263 232 78 79 182 466 670 491 455 553 529 528 629 615 571 556 667 649 555 681 624 614
-500 -500 626 1295 1665 1632 1385 1518 1128 1050 1054 1190 1297 1159 1369 1196 886 1167 1107 678 568 413 453 228 212 189 147 122 61 106 157 195 209 213 162 215 263 786 2537 2907 2471 1627 1939 1473 -500 -500 -500 -500 -500 -500 -500 -500 -500 -500 -500 -500 -500 -500 -500 -500 -500 8 143 345 324 167 209 69 51 101 127 234 307 517 600 576 548 596 535 634 601 624 658 581 691 715 968
-500 -500 122 542 1561 1718 1057 1416 1062 1111 1034 1058 1159 1329 1457 917 801 1156 940 682 518 381 316 237 206 178 163 114 97 116 145 205 233 259 231 199 186 383 1012 1619 1743 1156 1876 2178 259 -500 -500 -500 -500 -500 -500 -500 -500 -500 -500 -500 -500 -500 -500 -500 -500 -500 20 99 103 59 198 209 124 44 87 603 639 637 556 592 748 752 656 618 660 1030 922 832 693 729 922
-500 -500 26 384 1554 1521 1083 1095 1080 1019 1196 1159 1218 1304 1297 913 959 983 711 592 464 352 323 252 256 255 192 145 146 151 154 163 235 253 254 227 131 308 322 1008 748 714 456 2015 367 -500 -500 -500 -500 -500 -500 -500 -500 -500 -500 -500 -500 -500 -500 -500 -500 -500 36 86 231 249 224 336 169 29 41 745 817 783 596 716 797 474 424 815 823 1207 1148 986 688 877 928
-500 -500 19 524 880 1753 1524 1515 1299 1369 1054 1092 1299 1315 1075 914 1015 862 674 508 429 335 289 272 238 233 197 164 130 171 164 158 257 270 261 262 191 127 219 231 235 214 320 297 161 -500 -500 -500 -500 -500 -500 -500 -500 -500 -500 -500 -500 -500 -500 -500 -500 -500 -500 46 555 620 899 288 556 275 30 432 992 1165 1048 956 908 697 668 1103 1042 930 795 688 645 833 808
-500 -500 -500 476 853 2589 2055 1639 1473 1564 1333 1101 1267 1379 1114 909 963 721 661 515 431 349 325 286 281 255 225 184 151 178 182 162 245 262 239 242 235 145 142 175 143 139 174 136 -500 -500 -500 -500 -500 -500 -500 -500 -500 -500 -500 -500 -500 -500 -500 -500 -500 -500 -500 -500 31 714 818 513 586 123 24 270 774 714 400 789 950 730 869 1151 1092 739 585 652 603 597 772
-500 -500 -500 38 701 2096 2667 2280 1629 1537 1312 1130 1002 1180 886 874 836 861 579 507 437 408 379 339 297 279 238 206 174 191 155 209 250 255 215 205 192 163 160 144 106 81 180 -500 -500 -500 -500 -500 -500 -500 -500 -500 -500 -500 -500 -500 -500 -500 -500 -500 -500 -500 -500 -500 -500 75 235 200 64 -500 123 652 1429 1376 725 857 805 717 514 418 481 411 527 419 432 704 618
-500 -500 -500 2 151 649 1460 2502 2230 1739 1377 1290 1017 1103 930 940 668 672 589 548 481 453 399 349 315 289 265 228 204 238 217 268 244 231 206 217 205 236 321 170 185 44 207 -500 -500 -500 -500 -500 -500 -500 -500 -500 -500 -500 -500 -500 -500 -500 -500 -500 -500 -500 -500 -500 -500 -500 -500 -500 -500 -500 459 841 1268 1370 901 897 892 738 595 578 562 464 420 382 407 530 717
-500 -500 -500 -500 7 21 1070 2451 2451 2270 1664 1499 1399 1356 1018 927 833 727 639 589 524 451 436 390 343 306 259 270 260 260 292 291 245 186 178 180 184 168 169 217 210 -500 -500 -500 -500 -500 -500 -500 -500 -500 -500 -500 -500 -500 -500 -500 -500 -500 -500 -500 -500 -500 -500 -500 -500 -500 -500 -500 -500 -500 544 1073 1556 948 576 961 797 663 606 559 587 647 616 506 310 489 833
24 20 -500 -500 -500 14 21 676 2459 2677 1979 1810 1727 1644 1429 1072 905 804 741 641 550 510 472 417 370 342 340 343 354 391 400 363 293 192 196 223 216 195 157 194 188 -500 -500 -500 -500 -500 -500 -500 -500 -500 -500 -500 -500 -500 -500 -500 -500 -500 -500 -500 -500 -500 -500 -500 -500 -500 -500 -500 -500 -500 645 796 1497 1120 976 890 615 516 502 557 557 641 624 652 357 567 882
73 22 15 -500 -500 17 22 242 1310 2769 2159 2014 1995 1752 1411 1066 925 841 779 664 563 525 475 451 452 443 468 438 403 443 432 401 301 272 282 256 237 257 156 106 95 -500 -500 -500 -500 -500 -500 -500 -500 -500 -500 -500 -500 -500 -500 -500 -500 -500 -500 -500 -500 -500 -500 -500 -500 -500 -500 -500 -500 -500 390 1037 1124 873 871 878 804 756 685 579 481 652 649 441 531 507 686
1059 697 28 -500 -500 -500 11 120 1366 2958 2580 2845 2264 1813 1375 1093 1049 839 766 729 680 638 549 487 453 503 626 558 554 584 528 425 356 347 344 378 334 265 160 -500 -500 -500 -500 -500 -500 -500 -500 -500 -500 -500 -500 -500 -500 -500 -500 -500 -500 -500 -500 -500 -500 -500 -500 -500 -500 -500 -500 -500 -500 -500 335 1044 1400 1139 660 658 792 717 683 661 604 655 645 645 478 435 849
2654 2655 283 -500 -500 -500 -500 11 315 1572 2528 2947 2504 1992 1215 1049 945 875 848 772 755 695 669 655 614 784 839 881 827 779 737 600 579 606 834 841 325 381 -500 -500 -500 -500 -500 -500 -500 -500 -500 -500 -500 -500 -500 -500 -500 -500 -500 -500 -500 -500 -500 -500 -500 -500 -500 -500 -500 -500 -500 -500 -500 -500 -500 913 1411 1181 947 607 556 668 685 670 677 650 644 562 380 737 511
2662 2662 1592 28 -500 -500 -500 -500 28 104 2142 2842 2629 2133 1831 1324 1044 980 901 922 901 933 935 908 890 942 1046 1097 1024 970 936 1041 1262 981 1739 1582 308 310 -500 -500 -500 -500 -500 -500 -500 -500 -500 -500 -500 -500 -500 -500 -500 -500 -500 -500 -500 -500 -500 -500 -500 -500 -500 -500 -500 -500 -500 -500 -500 -500 -500 313 1133 987 933 759 648 566 580 636 726 706 688 515 503 603 656
1899 2576 1859 167 8 23 -500 15 54 29 447 2731 2761 2351 2201 1794 1198 1104 1024 1123 1192 1087 1055 1089 1281 1182 1026 1013 959 1357 1387 1387 1085 52 113 4 -500 -500 -500 -500 -500 -500 -500 -500 -500 -500 -500 -500 -500 -500 -500 -500 -500 -500 -500 -500 -500 -500 -500 -500 -500 -500 -500 -500 -500 -500 -500 -500 -500 -500 -500 311 1035 964 843 759 678 668 583 672 713 684 701 479 233 464 420
1980 2520 1864 299 22 24 -500 -500 10 28 88 1983 2492 2565 2250 2221 1263 1100 1027 1323 1302 1181 1114 1105 1088 1159 978 968 768 348 573 -500 -500 -500 -500 -500 -500 -500 -500 -500 -500 -500 -500 -500 -500 -500 -500 -500 -500 -500 -500 -500 -500 -500 -500 -500 -500 -500 -500 -500 -500 -500 -500 -500 -500 -500 -500 -500 -500 -500 -500 160 1042 1013 867 695 685 615 587 460 466 627 877 866 516 415 236
1833 2217 2607 1457 77 46 38 1 240 28 87 1973 3295 2912 3108 2010 1193 1071 899 1425 1403 1190 1053 1148 1210 1078 1270 1480 1267 897 -500 -500 -500 -500 -500 -500 -500 -500 -500 -500 -500 -500 -500 -500 -500 -500 -500 -500 -500 -500 -500 -500 -500 -500 -500 -500 -500 -500 -500 -500 -500 -500 -500 -500 -500 -500 -500 -500 -500 -500 -500 76 842 1034 946 859 817 741 558 591 570 541 920 870 622 174 16
1595 1892 2556 2811 1671 256 86 1 -500 172 84 2401 3554 3239 3339 2420 1721 1088 1278 1605 1514 1494 1544 1879 1963 1605 1470 1425 657 -500 -500 -500 -500 -500 -500 -500 -500 -500 -500 -500 -500 -500 -500 -500 -500 -500 -500 -500 -500 -500 -500 -500 -500 -500 -500 -500 -500 -500 -500 -500 -500 -500 -500 -500 -500 -500 -500 -500 -500 -500 -500 -500 394 1004 835 763 935 993 1070 592 629 570 908 825 450 44 -500
1559 1933 2406 2774 2964 716 526 473 -500 -500 53 2047 2801 2937 3079 2232 2084 1856 1607 1731 1717 1910 2120 1429 868 314 -500 -500 -500 -500 -500 -500 -500 -500 -500 -500 -500 -500 -500 -500 -500 -500 -500 -500 -500 -500 -500 -500 -500 -500 -500 -500 -500 -500 -500 -500 -500 -500 -500 -500 -500 -500 -500 -500 -500 -500 -500 -500 -500 -500 -500 -500 -500 771 688 740 902 867 1017 705 630 576 850 1027 212 25 -500
1496 2414 2787 3236 3094 1137 1178 1297 92 -500 584 893 2751 3198 2937 2126 2268 2421 2222 1819 1542 1657 2136 89 -500 -500 -500 -500 -500 -500 -500 -500 -500 -500 -500 -500 -500 -500 -500 -500 -500 -500 -500 -500 -500 -500 -500 -500 -500 -500 -500 -500 -500 -500 -500 -500 -500 -500 -500 -500 -500 -500 -500 -500 -500 -500 -500 -500 -500 -500 -500 -500 -500 233 761 930 964 1111 775 1050 939 913 926 972 274 37 -500
