MSALib/mx30+GLOBEat0_5Deg-exportAscii.txt
north: 90N
south: 90S
east: 180E
west: 180W
rows: 360
cols: 720
[rows 304 to 341 of 360, columns 435 to 521 of 720]
-500 -500 -500 -500 -500 -500 -500 -500 -500 -500 -500 -500 -500 -500 -500 -500 -500 -500 -500 -500 -500 -500 -500 -500 -500 -500 -500 -500 -500 -500 -500 -500 -500 -500 -500 -500 -500 -500 -500 -500 -500 -500 -500 -500 -500 -500 -500 -500 -500 -500 -500 -500 -500 -500 -500 -500 -500 -500 -500 -500 -500 -500 -500 -500 -500 -500 -500 -500 -500 -500 -500 -500 -500 -500 -500 -500 -500 -500 -500 -500 -500 -500 -500 -500 -500 -500 -500
-500 -500 -500 -500 -500 -500 -500 -500 -500 -500 -500 -500 -500 -500 -500 -500 -500 -500 -500 -500 -500 -500 -500 -500 -500 -500 -500 -500 -500 -500 -500 -500 -500 -500 -500 -500 -500 -500 -500 -500 -500 -500 -500 -500 -500 -500 -500 -500 -500 -500 -500 -500 -500 -500 -500 -500 -500 -500 -500 -500 -500 -500 -500 -500 -500 -500 -500 -500 -500 -500 -500 -500 -500 -500 -500 -500 -500 -500 -500 -500 -500 -500 -500 -500 -500 -500 -500
-500 -500 -500 -500 -500 -500 -500 -500 -500 -500 -500 -500 -500 -500 -500 -500 -500 -500 -500 -500 -500 -500 -500 -500 -500 -500 -500 -500 -500 -500 -500 -500 -500 -500 -500 -500 -500 -500 -500 -500 -500 -500 -500 -500 -500 -500 -500 -500 -500 -500 -500 -500 -500 -500 -500 -500 -500 -500 -500 -500 -500 -500 -500 -500 -500 -500 -500 -500 -500 -500 -500 -500 -500 -500 -500 -500 -500 -500 -500 -500 -500 -500 -500 -500 -500 -500 -500
-500 -500 -500 -500 -500 -500 -500 -500 -500 -500 -500 -500 -500 -500 -500 -500 -500 -500 -500 -500 -500 -500 -500 -500 -500 -500 -500 -500 -500 -500 -500 -500 -500 -500 -500 -500 -500 -500 -500 -500 -500 -500 -500 -500 -500 -500 -500 -500 -500 -500 -500 -500 -500 -500 -500 -500 -500 -500 -500 -500 -500 -500 -500 -500 -500 -500 -500 -500 -500 -500 -500 -500 -500 -500 -500 -500 -500 -500 -500 -500 -500 -500 -500 -500 -500 -500 -500
-500 -500 -500 -500 -500 -500 -500 -500 -500 -500 -500 -500 -500 -500 -500 -500 -500 -500 -500 -500 -500 -500 -500 -500 -500 -500 -500 -500 -500 -500 -500 -500 -500 -500 -500 -500 -500 -500 -500 -500 -500 -500 -500 -500 -500 -500 -500 -500 -500 -500 -500 -500 -500 -500 -500 -500 -500 -500 -500 -500 -500 -500 -500 -500 -500 -500 -500 -500 -500 -500 -500 -500 -500 -500 -500 -500 -500 -500 -500 -500 -500 -500 -500 -500 -500 -500 -500
-500 -500 -500 -500 -500 -500 -500 -500 -500 -500 -500 -500 -500 -500 -500 -500 -500 -500 -500 -500 -500 -500 -500 -500 -500 -500 -500 -500 -500 -500 -500 -500 -500 -500 -500 -500 -500 -500 -500 -500 -500 -500 -500 -500 -500 -500 -500 -500 -500 -500 -500 -500 -500 -500 -500 -500 -500 -500 -500 -500 -500 -500 -500 -500 -500 -500 -500 -500 -500 -500 -500 -500 -500 -500 -500 -500 -500 -500 -500 -500 -500 -500 -500 -500 -500 -500 -500
-500 -500 -500 -500 -500 -500 -500 -500 -500 -500 -500 -500 -500 -500 -500 -500 -500 -500 -500 -500 -500 -500 -500 -500 -500 -500 -500 -500 -500 -500 -500 -500 -500 -500 -500 -500 -500 -500 -500 -500 -500 -500 -500 -500 -500 -500 -500 -500 -500 -500 -500 -500 -500 -500 -500 -500 -500 -500 -500 -500 -500 -500 -500 -500 -500 -500 -500 -500 -500 -500 -500 -500 -500 -500 -500 -500 -500 -500 -500 -500 -500 -500 -500 -500 -500 -500 -500
-500 -500 -500 -500 -500 -500 -500 -500 -500 -500 -500 -500 -500 -500 -500 -500 -500 -500 -500 -500 -500 -500 -500 -500 -500 -500 -500 -500 48 198 354 473 519 461 371 302 59 -500 -500 -500 -500 -500 -500 -500 -500 -500 -500 -500 -500 -500 -500 -500 -500 -500 -500 -500 -500 -500 -500 -500 -500 -500 -500 -500 -500 -500 -500 -500 -500 -500 -500 -500 -500 -500 -500 -500 -500 -500 -500 -500 -500 -500 -500 -500 -500 -500 -500
-500 -500 -500 -500 -500 -500 -500 -500 -500 -500 -500 -500 -500 -500 -500 -500 -500 -500 -500 -500 -500 -500 -500 -500 -500 302 592 799 1024 1112 1182 1272 1380 1318 1328 1260 1095 524 281 68 -500 -500 -500 -500 -500 -500 -500 -500 -500 -500 -500 -500 -500 -500 -500 -500 -500 -500 -500 -500 -500 -500 -500 -500 -500 -500 -500 -500 -500 -500 -500 -500 -500 -500 -500 -500 -500 -500 -500 -500 -500 -500 -500 -500 -500 -500 -500
-500 -500 -500 -500 -500 -500 -500 -500 -500 -500 -500 -500 -500 -500 -500 -500 -500 -500 -500 -500 -500 262 416 318 -500 326 639 1010 1143 1216 1483 1772 2112 2216 1977 1742 1147 641 508 363 2 -500 -500 -500 -500 -500 -500 -500 -500 -500 -500 -500 -500 -500 -500 -500 -500 -500 -500 -500 -500 -500 -500 -500 -500 -500 -500 -500 -500 -500 -500 -500 -500 -500 -500 -500 -500 -500 -500 -500 -500 -500 -500 -500 -500 -500 -500
-500 -500 -500 -500 -500 -500 -500 -500 -500 -500 -500 -500 -500 -500 -500 -500 -500 311 543 252 23 159 493 637 809 1028 1149 1150 1194 1249 1287 1497 1706 1707 1720 1651 995 812 1144 1148 1020 811 627 386 436 440 366 153 -500 -500 -500 2 5 -500 -500 -500 -500 -500 -500 -500 -500 -500 -500 -500 -500 -500 -500 -500 -500 -500 -500 -500 -500 -500 -500 -500 -500 -500 -500 -500 -500 -500 -500 -500 -500 -500 -500
-500 -500 -500 -500 -500 -500 -500 -500 -500 -500 -500 -500 187 406 661 861 863 794 975 1105 1103 1023 745 932 1181 1419 1610 1719 1785 1845 1900 1913 2027 2031 1858 1622 1515 1420 1530 1736 1744 1592 1434 1293 1241 1279 1299 1336 1264 1150 1110 1053 911 831 805 779 677 662 563 511 540 521 404 426 385 -500 -500 -500 -500 -500 -500 -500 -500 -500 -500 -500 -500 -500 -500 -500 -500 -500 -500 -500 1 386 548
-500 -500 -500 -500 -500 -500 -500 310 723 846 1056 1224 1289 1347 1393 1391 1355 1285 1316 1316 1291 1223 1297 1406 1579 1718 1787 1919 2109 2194 2233 2238 2228 2177 2049 1804 1779 1831 1948 2055 2062 2055 2007 1888 1773 1701 1665 1645 1655 1658 1652 1622 1533 1382 1290 1218 1200 1163 1103 1090 1066 1035 886 766 653 58 -500 -500 -500 -500 -500 -500 -500 -500 -500 -500 -500 -500 -500 -500 -500 145 588 962 1250 1345 1379
-500 -500 -500 -500 479 959 1029 1201 1274 1319 1433 1601 1675 1730 1832 1852 1850 1849 1833 1824 1776 1683 1679 1726 1751 1754 1936 2154 2302 2333 2333 2325 2317 2297 2237 2184 2199 2255 2279 2287 2285 2272 2233 2178 2114 2071 2039 2030 1990 1919 1873 1844 1818 1775 1706 1616 1559 1435 1317 1201 1094 1026 878 767 650 40 -500 -500 -500 -500 -500 -500 -500 -500 -500 -500 -500 -500 -500 -500 209 673 939 1095 1282 1400 1506
-500 -500 -500 1 599 967 1114 1307 1427 1542 1727 1838 1967 2038 2129 2167 2175 2176 2165 2111 2055 2013 1973 1963 2008 2103 2283 2387 2415 2432 2457 2502 2562 2589 2602 2615 2617 2615 2610 2602 2596 2588 2533 2468 2433 2406 2377 2328 2193 2100 2010 1952 1917 1894 1857 1712 1575 1448 1318 1202 1058 847 470 243 21 -500 -500 -500 -500 -500 -500 -500 -500 -500 -500 -500 -500 536 729 1029 1097 1207 1338 1470 1578 1746 1917
841 624 533 836 909 1110 1276 1512 1614 1768 1855 1970 2086 2151 2203 2252 2297 2314 2320 2323 2324 2321 2330 2352 2388 2406 2428 2446 2470 2537 2634 2662 2690 2711 2739 2757 2765 2766 2762 2751 2734 2712 2696 2667 2620 2587 2548 2504 2410 2287 2162 2108 2069 2026 1986 1791 1546 1390 1231 1079 912 457 228 111 -500 -500 -500 -500 -500 -500 25 354 594 691 791 906 1044 1156 1251 1404 1534 1596 1681 1773 1928 2038 2110
1446 1287 1190 1068 1149 1286 1483 1665 1810 1884 1950 2027 2107 2172 2228 2285 2391 2427 2427 2426 2423 2421 2427 2445 2468 2501 2567 2629 2682 2701 2710 2723 2756 2796 2838 2860 2863 2858 2828 2799 2775 2749 2727 2705 2670 2614 2579 2530 2458 2354 2224 2140 2085 2024 1968 1791 1598 1506 1269 905 480 247 221 221 -500 -500 -500 -500 -500 11 309 885 1198 1487 1575 1600 1612 1612 1645 1731 1871 1969 2050 2132 2216 2289 2352
1809 1778 1704 1683 1705 1767 1788 1897 1937 1996 2061 2179 2258 2300 2353 2417 2491 2503 2506 2510 2520 2540 2608 2697 2730 2753 2769 2776 2787 2791 2798 2807 2872 2963 3001 3012 3011 2983 2906 2853 2801 2765 2729 2704 2669 2611 2565 2506 2418 2328 2224 2112 2040 2008 1932 1781 1713 1636 1540 1523 1051 613 323 230 -500 -500 -500 4 244 498 901 1250 1501 1584 1695 1784 1885 1986 2032 2070 2107 2176 2261 2337 2403 2494 2533
2095 2089 2072 2106 2145 2194 2210 2230 2278 2318 2360 2386 2412 2447 2495 2575 2589 2588 2580 2601 2668 2789 2842 2861 2885 2898 2903 2911 2920 2941 2990 3026 3051 3064 3064 3054 3016 2987 2916 2861 2805 2773 2721 2685 2626 2573 2498 2400 2283 2200 2100 2021 1992 1976 1911 1775 1693 1565 1434 1055 649 350 139 4 -500 -500 -500 326 657 997 1255 1476 1566 1670 1864 2005 2062 2087 2105 2145 2235 2347 2418 2494 2541 2586 2618
2534 2534 2535 2529 2531 2535 2531 2519 2516 2529 2563 2601 2651 2696 2703 2705 2713 2728 2763 2829 2873 2905 2937 2969 2997 3013 3025 3035 3044 3054 3062 3068 3073 3079 3079 3070 3034 2985 2921 2865 2803 2767 2705 2616 2569 2527 2394 2276 2173 2067 1966 1902 1770 1689 1577 1441 1323 1139 944 809 622 167 67 -500 310 531 647 809 1068 1230 1399 1503 1608 1861 2044 2083 2091 2114 2179 2281 2393 2475 2525 2581 2626 2687 2717
2756 2755 2754 2766 2775 2781 2789 2793 2799 2805 2814 2819 2819 2820 2828 2847 2871 2892 2908 2941 2975 3001 3026 3054 3075 3090 3096 3097 3096 3094 3090 3081 3073 3074 3073 3059 3016 2956 2885 2829 2788 2729 2637 2576 2560 2509 2333 2193 2131 1973 1926 1855 1725 1592 1444 1312 1064 805 620 475 157 200 334 606 971 1035 1052 1101 1213 1321 1451 1529 1700 1918 2068 2083 2093 2184 2309 2408 2489 2541 2597 2647 2698 2737 2779
2934 2952 2958 2972 2982 2990 2993 2997 2999 3000 3000 3000 2996 2990 2984 2989 2997 3009 3038 3071 3093 3102 3113 3123 3128 3128 3127 3122 3114 3105 3095 3083 3069 3054 3034 2990 2913 2860 2822 2788 2719 2653 2596 2562 2508 2381 2281 2122 1992 1910 1855 1784 1653 1491 1334 1175 941 737 525 219 425 1154 1526 1534 1276 1321 1362 1403 1457 1529 1623 1681 1762 1875 2045 2058 2162 2330 2423 2505 2555 2606 2670 2709 2745 2784 2822
3137 3155 3175 3186 3191 3196 3198 3197 3190 3181 3166 3150 3140 3141 3153 3181 3196 3200 3203 3203 3201 3199 3198 3197 3194 3185 3172 3153 3131 3111 3097 3077 3044 3003 2938 2885 2849 2815 2775 2707 2655 2606 2571 2509 2401 2311 2148 2054 2037 1917 1754 1531 1412 1285 1138 1042 1012 953 705 697 928 1268 1557 1558 1590 1704 1810 1910 2009 2035 2057 2072 2086 2111 2170 2224 2332 2437 2512 2551 2588 2664 2717 2756 2792 2824 2889
3283 3299 3304 3308 3314 3317 3319 3319 3317 3320 3319 3317 3318 3321 3321 3317 3308 3300 3296 3294 3293 3291 3284 3273 3256 3236 3216 3198 3170 3130 3096 3064 3017 2960 2896 2851 2814 2770 2699 2646 2602 2566 2506 2401 2320 2237 2146 2088 2044 1961 1820 1686 1531 1381 1276 1166 1051 1021 1104 1181 1206 1276 1370 1555 1608 1758 1965 2073 2093 2100 2119 2153 2191 2215 2258 2343 2454 2504 2546 2582 2641 2706 2755 2798 2839 2891 2957
3374 3383 3392 3397 3401 3409 3420 3428 3435 3440 3441 3439 3434 3426 3416 3405 3398 3391 3384 3375 3361 3343 3323 3303 3293 3277 3257 3229 3192 3154 3110 3081 3046 2992 2921 2861 2773 2691 2631 2600 2578 2538 2438 2355 2309 2264 2198 2127 2087 2041 1992 1863 1692 1576 1457 1389 1339 1324 1363 1437 1519 1548 1570 1609 1694 1763 1909 2058 2089 2099 2126 2165 2207 2272 2378 2464 2503 2540 2573 2622 2690 2737 2791 2849 2904 2969 3012
3469 3480 3492 3500 3505 3509 3513 3514 3514 3511 3508 3505 3501 3502 3502 3504 3504 3499 3480 3449 3418 3397 3375 3344 3314 3295 3274 3245 3208 3182 3144 3101 3073 3038 3003 2941 2867 2781 2711 2670 2617 2577 2507 2413 2356 2320 2293 2228 2181 2138 2107 2089 2056 2013 1972 1902 1804 1761 1743 1740 1751 1772 1806 1835 1847 1867 1915 1992 2059 2098 2145 2235 2330 2411 2462 2505 2538 2570 2605 2661 2712 2767 2826 2903 2981 3029 3081
3578 3580 3582 3585 3585 3584 3584 3584 3583 3582 3579 3576 3573 3568 3561 3552 3540 3526 3513 3501 3487 3462 3433 3406 3386 3347 3306 3282 3245 3206 3182 3144 3102 3070 3025 2982 2940 2903 2863 2807 2741 2670 2608 2564 2502 2433 2385 2347 2315 2294 2263 2236 2210 2184 2164 2147 2133 2119 2108 2100 2096 2095 2092 2093 2098 2108 2127 2166 2211 2295 2346 2390 2428 2477 2507 2538 2572 2606 2647 2686 2735 2790 2856 2932 2999 3048 3100
3664 3661 3659 3655 3652 3648 3645 3640 3635 3629 3622 3614 3608 3601 3594 3582 3567 3552 3537 3523 3510 3500 3488 3463 3430 3398 3365 3327 3299 3269 3226 3192 3151 3110 3077 3028 2993 2955 2924 2900 2886 2866 2833 2736 2669 2636 2599 2550 2507 2456 2406 2387 2372 2355 2326 2300 2285 2272 2264 2264 2265 2272 2282 2292 2300 2316 2338 2369 2391 2407 2438 2476 2501 2534 2573 2599 2629 2670 2701 2730 2765 2809 2876 2935 2992 3043 3098
3731 3731 3731 3728 3722 3715 3706 3698 3687 3673 3659 3644 3628 3614 3602 3593 3581 3567 3555 3543 3533 3523 3508 3490 3453 3420 3395 3366 3334 3306 3282 3248 3213 3187 3136 3095 3052 3013 2995 2969 2941 2916 2899 2888 2864 2832 2802 2775 2742 2714 2687 2661 2630 2596 2578 2559 2542 2528 2521 2510 2503 2493 2484 2492 2498 2506 2516 2530 2549 2567 2583 2593 2608 2633 2660 2691 2708 2734 2764 2794 2830 2883 2923 2978 3013 3056 3090
3793 3796 3796 3794 3787 3771 3750 3724 3702 3691 3674 3655 3638 3620 3604 3594 3582 3569 3556 3545 3535 3525 3510 3492 3472 3448 3424 3405 3392 3369 3342 3315 3294 3264 3221 3182 3137 3102 3080 3050 3024 3002 2986 2966 2945 2925 2911 2898 2885 2870 2854 2838 2820 2804 2796 2786 2766 2749 2735 2713 2703 2699 2698 2697 2697 2699 2702 2709 2719 2734 2754 2773 2790 2806 2833 2869 2891 2912 2944 2975 3000 3022 3047 3073 3097 3116 3148
3800 3803 3804 3805 3805 3799 3776 3748 3721 3701 3680 3658 3639 3622 3603 3591 3578 3567 3556 3547 3538 3531 3525 3519 3511 3504 3495 3480 3460 3436 3412 3397 3381 3359 3333 3304 3269 3213 3183 3155 3136 3126 3116 3098 3082 3068 3052 3035 3023 3011 3003 2999 2995 2988 2980 2974 2970 2971 2972 2980 2989 2993 2998 3002 3009 3015 3022 3026 3034 3039 3040 3039 3041 3046 3056 3066 3077 3087 3095 3105 3118 3138 3156 3176 3196 3216 3248
3777 3784 3789 3791 3789 3780 3762 3739 3718 3699 3678 3656 3638 3621 3601 3593 3585 3577 3569 3564 3560 3558 3555 3553 3549 3546 3540 3534 3522 3508 3496 3468 3432 3403 3387 3365 3345 3326 3310 3297 3277 3259 3242 3231 3224 3220 3219 3219 3219 3216 3213 3208 3203 3198 3196 3195 3197 3197 3198 3198 3198 3199 3201 3202 3205 3206 3210 3212 3212 3212 3216 3217 3220 3223 3227 3234 3239 3246 3257 3269 3282 3295 3306 3319 3339 3357 3373
3710 3710 3710 3708 3706 3704 3700 3694 3683 3670 3655 3641 3627 3614 3606 3601 3598 3592 3586 3582 3580 3581 3584 3586 3588 3589 3589 3588 3581 3565 3543 3519 3499 3472 3434 3404 3391 3375 3363 3354 3347 3339 3332 3324 3318 3315 3319 3327 3337 3348 3359 3369 3378 3385 3392 3396 3398 3400 3400 3401 3402 3402 3402 3401 3400 3400 3401 3401 3403 3403 3404 3405 3405 3405 3406 3407 3410 3413 3415 3419 3424 3428 3436 3444 3457 3470 3484
3659 3662 3664 3664 3664 3663 3661 3657 3652 3646 3643 3643 3642 3639 3636 3630 3624 3616 3610 3607 3609 3610 3613 3616 3618 3619 3619 3618 3615 3608 3599 3586 3563 3538 3514 3498 3480 3455 3436 3422 3410 3403 3400 3404 3411 3420 3429 3442 3456 3470 3487 3500 3512 3525 3535 3546 3556 3567 3573 3577 3578 3578 3578 3577 3577 3576 3574 3574 3575 3577 3578 3581 3584 3587 3589 3593 3599 3608 3621 3630 3638 3650 3658 3661 3664 3664 3664
3614 3619 3624 3628 3632 3635 3638 3640 3645 3658 3670 3679 3686 3690 3692 3694 3694 3694 3695 3695 3696 3696 3695 3691 3686 3681 3676 3670 3661 3650 3636 3622 3607 3599 3589 3580 3569 3558 3548 3539 3532 3530 3535 3541 3545 3548 3553 3563 3579 3595 3607 3628 3647 3665 3680 3690 3698 3704 3711 3718 3726 3734 3744 3754 3763 3769 3772 3775 3778 3782 3786 3789 3791 3792 3793 3794 3795 3796 3797 3799 3800 3804 3806 3808 3811 3816 3820
3586 3590 3593 3597 3600 3606 3616 3630 3647 3697 3714 3726 3732 3733 3733 3732 3731 3730 3730 3729 3729 3727 3725 3723 3721 3719 3717 3716 3715 3714 3714 3715 3719 3726 3732 3736 3740 3743 3745 3748 3748 3747 3743 3739 3740 3741 3746 3752 3757 3760 3762 3762 3763 3764 3768 3774 3782 3791 3798 3805 3813 3819 3824 3828 3831 3834 3838 3843 3849 3855 3861 3869 3879 3891 3903 3916 3929 3944 3958 3972 3985 3994 4002 4014 4021 4023 4023
3555 3558 3561 3564 3568 3575 3592 3611 3652 3701 3718 3729 3734 3735 3735 3735 3736 3737 3737 3737 3737 3737 3737 3737 3738 3740 3743 3746 3751 3756 3762 3768 3775 3781 3786 3792 3797 3800 3803 3806 3809 3813 3816 3820 3824 3829 3834 3841 3848 3855 3863 3870 3876 3882 3889 3894 3897 3898 3899 3900 3900 3901 3903 3905 3909 3915 3924 3933 3942 3951 3960 3969 3980 3989 3998 4002 4008 4014 4020 4026 4031 4034 4036 4037 4039 4039 4036
3529 3536 3544 3552 3562 3574 3592 3607 3629 3656 3680 3696 3705 3713 3720 3724 3727 3730 3732 3733 3734 3734 3735 3737 3738 3740 3743 3747 3751 3756 3762 3768 3775 3781 3787 3792 3798 3801 3803 3806 3810 3814 3820 3829 3839 3851 3866 3880 3894 3901 3907 3912 3916 3920 3925 3930 3934 3939 3944 3949 3954 3958 3963 3967 3971 3976 3981 3986 3991 3997 4000 4004 4009 4014 4020 4024 4029 4032 4033 4034 4035 4037 4038 4039 4039 4038 4035
