MSALib/mx30+GLOBEat0_5Deg-exportAscii.txt
north: 90N
south: 90S
east: 180E
west: 180W
rows: 360
cols: 720
[rows 76 to 113 of 360, columns 87 to 173 of 720]
-500 -500 -500 -500 -500 -500 -500 -500 -500 -500 1 -500 -500 -500 -500 -500 706 1219 1829 2133 2896 3300 2836 3031 2615 1868 1914 1917 1660 1267 1664 1932 1897 2406 2815 2853 3129 3468 3456 3548 3329 3048 2743 1605 1247 1037 975 914 1097 884 801 853 823 792 732 762 762 709 590 597 699 671 564 615 701 649 620 610 553 650 725 775 413 263 275 282 313 282 246 253 298 325 374 400 420 440 440
-500 -500 -500 -500 -500 -500 -500 -500 -500 -500 -500 -500 -500 -500 -500 -500 57 914 1676 1981 2438 2903 3652 3031 2968 3109 2996 2798 2218 2238 1576 1823 2190 2373 2299 2879 2985 3186 3325 2711 3497 3055 2895 2134 1345 1135 1001 1036 1036 925 861 831 827 792 773 757 741 823 772 630 661 686 549 686 747 700 692 603 538 606 656 822 530 494 287 257 317 283 262 274 284 320 370 419 429 478 470
-500 -500 -500 -500 -500 -500 -500 -500 -500 -500 -500 -500 -500 -500 1 152 552 762 1128 1426 1554 1878 2481 2829 2896 2987 2743 2890 2688 2743 1981 1835 1798 2016 1723 2140 2741 2738 3045 3200 3200 3200 3200 3042 1676 1189 1152 1030 908 792 853 841 780 786 750 738 756 853 792 768 774 640 604 664 701 683 677 616 610 573 671 671 713 732 439 280 280 287 280 274 280 335 390 427 463 463 457
-500 -500 -500 -500 -500 -500 -500 -500 -500 -500 -500 -500 -500 -500 -500 -500 308 1109 1372 1829 1829 1524 1463 1981 2286 2451 2566 2743 2743 2798 2164 1750 1675 1982 1843 2011 2444 2590 2853 3200 3292 2591 3164 2975 2396 1585 1085 1036 860 805 823 799 853 853 816 945 945 914 902 768 786 835 853 610 695 701 707 762 708 640 555 567 640 707 457 306 260 274 274 273 305 335 390 433 457 488 457
-500 -500 -500 -500 -500 -500 -500 -500 -500 -500 -500 -500 -500 -500 -500 -500 -500 -500 914 1524 1674 1995 1981 1066 1676 2132 2554 2582 2302 2327 2134 1981 1964 2110 2099 2286 2383 2651 2743 2889 2876 2599 2865 2951 2418 1803 1188 1034 951 944 886 1233 1458 1382 1250 1163 1045 1005 861 844 811 837 853 784 689 636 669 823 823 657 570 472 488 495 420 507 464 259 254 299 339 347 409 410 472 487 454
-500 -500 -500 -500 -500 -500 -500 -500 -500 -500 -500 -500 -500 -500 -500 -500 -500 -500 -500 249 914 1828 1788 1645 1415 1066 1676 1648 1792 2198 2393 2284 2596 2567 2234 2281 2134 2308 2293 2524 2421 2230 2224 2551 2742 2491 1459 1402 1314 1282 1213 1194 1249 1219 1097 1130 1045 988 1036 1006 996 914 911 835 787 730 611 607 605 607 545 688 774 702 503 518 502 299 264 323 395 398 381 396 414 453 479
-500 -500 -500 -500 -500 -500 -500 -500 -500 -500 -500 -500 -500 -500 -500 -500 -500 -500 -500 -500 -500 670 826 1178 1426 1215 558 663 1707 3144 2474 2636 2534 2438 2137 2032 2131 1853 2121 2316 2093 2256 2194 2316 2865 2926 2804 1469 1350 2080 1940 1197 961 970 991 1099 1002 923 955 1018 1017 937 875 850 801 731 750 760 754 664 525 735 774 703 544 501 508 484 263 329 386 375 395 396 408 427 446
-500 -500 -500 -500 -500 -500 -500 -500 -500 -500 -500 -500 -500 -500 -500 -500 -500 -500 -500 -500 -500 -500 -500 611 974 1562 1729 617 1198 1774 3003 2745 2480 2145 1946 1868 1868 1967 1892 1938 2011 2560 1955 2012 2156 2829 2743 2600 1402 1184 1157 1137 1000 2092 1793 1550 1148 863 885 889 914 895 855 779 796 761 753 779 762 727 681 534 519 550 552 481 491 478 286 339 373 373 386 440 412 410 454
-500 -500 -500 -500 -500 -500 -500 -500 -500 -500 -500 -500 -500 -500 -500 -500 -500 -500 -500 -500 -500 -500 -500 216 1016 2326 2303 1315 590 1658 2288 2528 2082 1169 805 1319 1319 1216 1712 1657 1861 2010 2201 2158 1946 2732 2666 2662 1471 1259 1197 1697 1684 1229 1271 1733 1503 1010 989 917 852 868 908 940 812 783 802 942 723 679 697 695 649 615 513 523 506 488 342 295 393 491 497 460 465 464 471
-500 -500 -500 -500 -500 -500 -500 -500 -500 -500 -500 -500 -500 -500 -500 -500 -500 -500 -500 -500 -500 -500 -500 -500 535 1340 1457 184 768 1743 2076 2715 2038 1070 623 657 731 789 1185 1640 1946 2073 2273 2311 2356 2847 2592 2782 2339 2147 2223 2459 2383 1705 1869 1593 1006 1016 1087 1044 911 1094 1061 892 893 894 869 1007 748 733 720 690 680 689 640 536 482 484 375 292 408 595 597 558 464 507 504
-500 -500 -500 -500 -500 -500 -500 -500 -500 -500 -500 -500 -500 -500 -500 -500 -500 -500 -500 -500 -500 -500 -500 -500 154 604 766 1004 1498 4256 2302 1816 1238 1010 591 571 569 719 1022 1456 1727 2061 2125 2377 2808 2473 2383 2409 2318 2344 2662 2767 2503 2484 2591 1712 1134 1119 1090 1084 993 1050 924 917 1031 1021 927 913 845 762 717 708 650 664 694 620 464 480 368 327 475 528 578 501 477 466 421
-500 -500 -500 -500 -500 -500 -500 -500 -500 -500 -500 -500 -500 -500 -500 -500 -500 -500 -500 -500 -500 -500 -500 -500 85 800 876 928 2492 3542 3643 1720 1252 1046 596 551 1426 1908 1887 1615 1651 1922 2380 2527 2922 2668 3122 2926 2663 2788 2872 2585 3341 1669 1477 1313 1428 1142 1127 1174 1028 995 1048 1092 1062 1046 1040 1006 842 828 758 752 660 690 694 672 459 455 392 380 496 534 534 482 466 436 432
-500 -500 -500 -500 -500 -500 -500 -500 -500 -500 -500 -500 -500 -500 -500 -500 -500 -500 -500 -500 -500 -500 -500 -500 -500 1066 1038 777 1291 1592 1252 1750 1311 626 853 1166 1749 1780 1667 2028 2306 2629 2498 2632 2967 2793 3117 3187 3189 3097 2671 2776 3221 2647 1619 1507 1411 1216 1326 1445 1340 1337 1080 1274 1253 1101 1093 923 879 806 775 687 646 666 663 679 442 593 647 413 372 467 451 441 434 421 389
-500 -500 -500 -500 -500 -500 -500 -500 -500 -500 -500 -500 -500 -500 -500 -500 -500 -500 -500 -500 -500 -500 -500 -500 366 991 928 703 1509 3296 1754 1106 1481 1523 1764 2032 2138 2499 2932 2773 2597 2717 2797 2922 2743 3120 3115 3170 2722 3225 3288 3202 3379 3816 3446 2645 2673 2786 1610 1442 1335 1328 1343 1297 1246 1217 1105 958 943 842 753 738 687 666 605 463 436 578 645 625 373 418 426 430 433 341 320
-500 -500 -500 -500 -500 -500 -500 -500 -500 -500 -500 -500 -500 -500 -500 -500 -500 -500 -500 -500 -500 -500 -500 -500 231 1180 796 1222 1627 3195 1345 1781 1848 1769 1844 2349 2695 2083 2253 2372 2380 2726 2848 2957 3042 3280 3229 3190 3124 3113 3342 3181 3189 3699 3558 1961 2450 3060 3305 2610 1430 1414 1413 1744 1936 1365 1062 981 943 791 770 706 634 637 612 494 429 587 617 625 570 392 354 354 354 344 367
-500 -500 -500 -500 -500 -500 -500 -500 -500 -500 -500 -500 -500 -500 -500 -500 -500 -500 -500 -500 -500 -500 -500 -500 647 1056 787 1154 1734 2986 1623 1809 2067 2045 2100 2560 2383 1930 1614 1580 2457 2505 3115 3379 3232 3618 3662 3276 2675 2553 2687 3039 3323 3670 3717 2198 1788 2719 3991 2851 1461 1579 1507 1780 2094 2175 1668 1012 902 850 785 682 684 652 668 626 463 566 586 607 608 545 477 409 330 394 414
-500 -500 -500 -500 -500 -500 -500 -500 -500 -500 -500 -500 -500 -500 -500 -500 -500 -500 -500 -500 -500 -500 -500 -500 435 824 1127 1805 2517 2570 2364 1894 1924 2133 2133 1991 1809 1766 1495 1101 2221 2583 2971 3320 3529 3404 3244 3190 1648 2210 2768 3605 3326 3680 3893 2959 2169 2237 2672 2520 1759 1844 1585 1525 2051 2176 1801 1017 960 941 869 790 682 666 678 609 514 503 568 537 572 565 477 445 387 428 416
-500 -500 -500 -500 -500 -500 -500 -500 -500 -500 -500 -500 -500 -500 -500 -500 -500 -500 -500 -500 -500 -500 -500 -500 497 948 1206 1692 2477 2198 2185 1931 1737 1950 1636 1851 1905 1791 1937 2402 1239 2149 2361 2954 2579 2745 2195 1941 2012 2321 2901 3253 3446 4112 3860 2269 2448 2501 2751 2178 1909 1866 1668 1503 1445 1453 1343 1123 1127 1080 1024 920 841 765 730 627 587 511 529 493 466 504 482 476 405 419 415
-500 -500 -500 -500 -500 -500 -500 -500 -500 -500 -500 -500 -500 -500 -500 -500 -500 -500 -500 -500 -500 -500 -500 113 1192 1551 1532 1788 2634 2224 2460 2492 2088 2251 1646 2939 2218 1623 1791 2487 2099 1539 1388 1292 1380 1520 2021 2320 2784 2786 2907 3398 2904 3553 3948 3758 2285 2256 2480 2230 2668 2780 1900 1840 1790 1577 1462 1332 1224 1181 1099 998 910 818 740 654 602 579 557 500 455 459 463 455 380 400 405
-500 -500 -500 -500 -500 -500 -500 -500 -500 -500 -500 -500 -500 -500 -500 -500 -500 -500 -500 -500 -500 -500 -500 -500 1312 1580 2003 2188 2588 2165 2080 2492 2518 2398 2271 2628 2534 2399 1971 2073 2283 2299 2366 2323 2431 2969 2757 2612 2776 2902 2914 3118 3133 2227 2616 2652 2364 2776 3006 2766 2603 2787 3080 1740 1522 1533 1432 1273 1302 1276 1150 1039 929 873 803 748 643 619 573 496 454 450 465 440 369 385 374
-500 -500 -500 -500 -500 -500 -500 -500 -500 -500 -500 -500 -500 -500 -500 -500 -500 -500 -500 -500 -500 -500 -500 -500 768 2070 2399 2135 2594 2351 2231 1821 2504 2271 2425 2787 2578 2813 2491 1800 3019 3101 3185 2638 2438 2731 3021 2051 2798 2943 2788 2694 2415 2103 2441 2640 2292 2451 2578 3400 3029 2580 2600 1970 1651 1599 1434 1346 1264 1269 1170 1070 959 930 819 764 691 638 546 513 441 445 465 461 418 343 336
-500 -500 -500 -500 -500 -500 -500 -500 -500 -500 -500 -500 -500 -500 -500 -500 -500 -500 -500 -500 -500 -500 -500 -500 838 1714 2607 2542 4091 2255 1888 2188 2948 2450 2565 2617 2760 2813 2544 2540 3000 3000 3042 2611 3121 2219 2076 2195 2404 2958 2746 2949 2903 2560 2902 2873 2345 2428 3317 3292 3575 2880 2720 2050 1760 1629 1467 1341 1210 1190 1135 1025 954 931 808 734 646 576 517 517 422 412 412 449 426 359 323
-500 -500 -500 -500 -500 -500 -500 -500 -500 -500 -500 -500 -500 -500 -500 -500 -500 -500 -500 -500 -500 -500 -500 -500 722 1756 2607 2538 1678 2635 2526 2389 2361 2167 2698 2268 2857 2752 2627 2230 2568 3119 3389 3053 2811 2181 1995 3058 2686 3354 3414 3952 3987 3731 2939 2897 2453 2501 3276 3641 3295 3879 3254 1992 1700 1650 1462 1365 1216 1112 1046 981 949 834 781 694 611 557 495 481 432 388 386 402 402 361 346
-500 -500 -500 -500 -500 -500 -500 -500 -500 -500 -500 -500 -500 -500 -500 -500 -500 -500 -500 -500 -500 -500 -500 -500 1172 1729 2174 2363 749 3099 2810 2390 2303 2561 2429 2194 2694 2858 2629 2801 2501 3187 3177 3167 2775 2593 2065 3304 3156 3403 3185 3359 2849 2402 2532 2654 2517 3208 3661 3256 3677 4148 3070 1601 1540 1498 1490 1381 1220 1097 1036 923 856 780 740 676 620 546 500 471 472 401 351 368 357 341 334
-500 -500 -500 -500 -500 -500 -500 -500 -500 -500 -500 -500 -500 -500 -500 -500 -500 -500 -500 -500 -500 -500 -500 -500 701 1228 1943 2229 497 1524 2132 2501 2620 2622 2499 1626 2604 2917 2653 3061 2980 3077 2746 3250 2963 3481 2512 2750 2620 3563 3234 2988 3057 2483 2669 2708 2653 3318 3683 3857 3977 4334 3458 1937 1919 1715 1646 1442 1291 1175 1066 961 859 768 694 662 592 526 501 450 469 421 358 355 334 315 293
-500 -500 -500 -500 -500 -500 -500 -500 -500 -500 -500 -500 -500 -500 -500 -500 -500 -500 -500 -500 -500 -500 -500 -500 -500 762 1707 2076 1070 440 1266 2382 2722 3100 2676 1907 2437 2982 3409 3100 3031 3210 2846 3616 3616 2534 2883 1982 3025 3310 3413 2321 2908 2872 2575 2569 3322 3378 4164 4140 4303 4106 3706 2829 2224 1906 1717 1534 1371 1214 1090 969 872 785 693 640 572 514 476 452 467 409 361 340 330 306 262
-500 -500 -500 -500 -500 -500 -500 -500 -500 -500 -500 -500 -500 -500 -500 -500 -500 -500 -500 -500 -500 -500 -500 -500 -500 718 994 1402 914 103 590 1665 2979 3274 3093 3337 2474 2856 3509 3577 2966 2749 3383 3303 3813 2775 2837 3006 3448 3511 3265 2294 1923 1936 3668 2951 3192 3269 3940 4070 4249 3513 4129 3720 2147 1868 1572 1475 1380 1207 1067 962 863 779 694 620 594 525 475 474 489 404 363 351 336 299 325
-500 -500 -500 -500 -500 -500 -500 -500 -500 -500 -500 -500 -500 -500 -500 -500 -500 -500 -500 -500 -500 -500 -500 -500 -500 -500 590 797 802 278 148 1230 2597 3407 3705 3009 2608 2743 2706 2796 2815 3231 3220 2666 2790 2942 2437 3006 3595 3418 3416 3404 2150 2171 3705 2970 2986 4084 4110 4207 4126 4121 3502 2387 1640 1560 1410 1350 1267 1181 1055 935 875 770 702 628 559 527 486 481 503 383 367 335 312 305 346
-500 -500 -500 -500 -500 -500 -500 -500 -500 -500 -500 -500 -500 -500 -500 -500 -500 -500 -500 -500 -500 -500 -500 -500 -500 -500 122 732 541 1149 1041 543 1677 3209 3885 3905 4229 2805 2451 2658 2785 2596 2536 2817 2646 2360 3093 3414 3253 3291 2725 3445 2500 3316 3397 2786 4005 4251 4085 4152 3760 4245 4143 3484 1969 1694 1588 1466 1295 1122 1017 933 866 798 734 641 562 482 458 504 483 373 347 341 329 369 398
-500 -500 -500 -500 -500 -500 -500 -500 -500 -500 -500 -500 -500 -500 -500 -500 -500 -500 -500 -500 -500 -500 -500 -500 -500 -500 -500 49 918 1232 1128 213 874 2728 3527 4158 4186 3068 2549 2155 2583 2802 2331 2362 2290 3107 3144 2828 2854 2255 2325 3118 2057 1995 1839 2848 3895 3618 3799 3882 3872 2800 4148 4088 2901 2094 1942 1552 1304 1116 1012 915 850 795 735 626 555 477 410 483 473 341 332 339 395 438 464
-500 -500 -500 -500 -500 -500 -500 -500 -500 -500 -500 -500 -500 -500 -500 -500 -500 -500 -500 -500 -500 -500 -500 -500 -500 -500 -500 -500 244 1062 1217 1109 335 516 2440 3980 4307 3308 2645 1897 2124 1965 2956 2162 2363 2248 1962 2126 2674 2265 2089 2321 2459 1864 2820 2693 2170 2161 2541 3095 3439 3718 3941 2799 2664 2577 1893 1515 1273 1140 1005 918 860 753 658 617 444 420 375 410 410 307 303 362 478 512 440
-500 -500 -500 -500 -500 -500 -500 -500 -500 -500 -500 -500 -500 -500 -500 -500 -500 -500 -500 -500 -500 -500 -500 -500 -500 -500 -500 -500 -500 1442 1668 1535 1185 199 749 3677 3808 2498 3175 1947 1937 3488 2364 1590 1696 2119 2370 1999 2815 2722 2071 2229 2357 2439 2927 2821 2021 2283 2401 3221 3471 3796 3656 2568 2225 2050 1740 1442 1252 1103 1010 938 866 784 732 598 510 416 383 340 324 282 364 399 553 645 722
-500 -500 -500 -500 -500 -500 -500 -500 -500 -500 -500 -500 -500 -500 -500 -500 -500 -500 -500 -500 -500 -500 -500 -500 -500 -500 -500 -500 -500 115 1075 1033 1219 868 365 2446 3014 2391 2210 1564 1806 2445 2445 1538 2073 2041 2231 2085 2258 2409 1821 1998 2193 2261 2465 2767 2509 2444 2534 3355 3237 3835 3605 2519 1915 1714 1562 1341 1210 1133 1053 1007 900 782 697 614 548 436 388 331 312 305 324 520 688 778 778
-500 -500 -500 -500 -500 -500 -500 -500 -500 -500 -500 -500 -500 -500 -500 -500 -500 -500 -500 -500 -500 -500 -500 -500 -500 -500 -500 -500 -500 -500 172 800 1401 1485 993 2293 2528 1555 1576 1553 1673 1867 2270 1581 1996 2468 2040 2160 2737 3743 2418 1866 2043 2043 2230 2529 2771 3401 2736 2318 3188 2376 2412 2104 1682 1565 1406 1334 1242 1147 1085 1013 859 752 684 555 525 443 404 343 333 324 554 718 698 813 593
-500 -500 -500 -500 -500 -500 -500 -500 -500 -500 -500 -500 -500 -500 -500 -500 -500 -500 -500 -500 -500 -500 -500 -500 -500 -500 -500 -500 -500 -500 -500 610 1419 1980 2630 2395 2098 1144 1561 1838 1380 2019 1528 1026 1467 2176 2257 2179 2347 2577 2535 2220 1928 1926 2091 2351 2493 2670 2347 2052 3014 2227 2058 1782 1697 1581 1465 1355 1250 1175 1067 885 721 619 665 693 551 441 393 401 319 473 642 742 798 673 530
-500 -500 -500 -500 -500 -500 -500 -500 -500 -500 -500 -500 -500 -500 -500 -500 -500 -500 -500 -500 -500 -500 -500 -500 -500 -500 -500 -500 -500 -500 -500 -500 669 1143 1892 1463 2106 2871 2529 3420 1716 1365 1379 1264 1179 1399 1516 2130 2358 2091 2421 2421 2204 3076 2853 2813 3062 2901 3118 2244 2216 2545 2139 1721 1411 1463 1379 1304 1203 1133 1034 892 642 562 453 398 373 389 422 371 278 367 509 545 661 629 430
-500 -500 -500 -500 -500 -500 -500 -500 -500 -500 -500 -500 -500 -500 -500 -500 -500 -500 -500 -500 -500 -500 -500 -500 -500 -500 -500 -500 -500 -500 -500 -500 457 391 -500 -500 407 1607 1326 3172 2597 1549 1240 928 1067 1432 1635 1227 1324 2022 2195 2333 2097 3401 3281 2910 2940 2852 3139 1911 2561 2839 3050 1559 1324 1451 1368 1245 1130 1065 1014 930 696 559 442 402 361 393 378 269 253 211 174 167 183 187 143
-500 -500 -500 -500 -500 -500 -500 -500 -500 -500 -500 -500 -500 -500 -500 -500 -500 -500 -500 -500 -500 -500 -500 -500 -500 -500 -500 -500 -500 -500 -500 -500 -500 265 251 457 534 500 1289 1919 2017 882 895 696 1438 1183 911 813 1319 933 1798 2302 2388 2242 2547 3302 2777 3024 2184 2679 2382 3602 2382 1580 1215 1392 1312 1199 1090 1018 941 773 795 558 525 409 448 387 334 259 243 203 175 174 167 142 125
